{"@class":"BaseScene","id":{"uuid":"7D1281FA-DF8C-40B2-8A7A-C66E4D6ACCBA"},"name":"Level","nodes":[{"@class":"BaseNode","object3D":{"@class":"BaseObject3D","id":{"uuid":"BE43F90B-745C-4AFD-B3C9-41F1ED5D9EB2"},"name":"UserRootObject","enabled":true,"visible":false,"hitVisible":true,"transform":{"@class":"BaseComponentTransformable","localTransforms":{"values":[1.0,0.0,0.0,0.0,0.0,1.0,0.0,0.0,0.0,0.0,1.0,0.0,0.0,0.0,0.0,1.0]}},"metadata":{"importedIdentifier":"","importedName":"","isBone":false}},"children":["88565664-0B32-4BDF-B3BF-615AB5C3E11D","BD0D62BD-B36D-4F30-B741-CFDEAC309C0A","80498458-2F95-4F5F-9FE7-C95DDE85517B"]},{"@class":"BaseNode","object3D":{"@class":"BaseObject3D","id":{"uuid":"88565664-0B32-4BDF-B3BF-615AB5C3E11D"},"name":"MainCamera","enabled":true,"visible":true,"hitVisible":true,"camera":{"@class":"BaseComponentCamera","cameraId":{"uuid":"D3BF8BC2-09F4-4606-A3F7-BAB061A3266C"}},"transform":{"@class":"BaseComponentTransformable","localTransforms":{"values":[0.15008842945098878,5.811452297166397e-7,0.9886725544929504,0.0,0.32955873012542727,0.9428088068962097,-0.05003024637699127,0.0,-0.9321290850639343,0.3333345353603363,0.1415044516324997,0.0,-2.3795807361602785,2.0240659713745119,0.5486552715301514,1.0]}},"metadata":{"importedIdentifier":"","importedName":"","isBone":false}},"children":["3BB9C4B4-8844-480F-9AAC-582CD0A9CD86"]},{"@class":"BaseNode","object3D":{"@class":"BaseObject3D","id":{"uuid":"3BB9C4B4-8844-480F-9AAC-582CD0A9CD86"},"name":"Follow Anim","enabled":true,"visible":true,"hitVisible":true,"transform":{"@class":"BaseComponentTransformable","localTransforms":{"values":[-0.999969482421875,-0.00781221454963088,-0.0003454819379840046,0.0,-0.007050976622849703,0.9198718667030335,-0.3921607434749603,0.0,0.003381415968760848,-0.392146497964859,-0.9198992252349854,0.0,0.9066295623779297,15.815652847290039,-10.603301048278809,1.0]}},"metadata":{"importedIdentifier":"","importedName":"","isBone":false}},"children":["45020B3D-D128-4DB9-81C2-56CEBE46973B","48660E3E-8197-46E8-ACCD-DC2900EC4B8C","09192A8C-57B5-4380-AD75-6424E25D058F","35F7098B-34F4-462A-947D-678415D75742","48663CB7-13AC-4334-A2F6-BD5C059F29E2","07F93A91-651F-4C35-97B5-777B360622A3","D45DB385-DB25-4B22-BA80-BBAE0CD28AA8","07514B4F-9B83-4B8B-8739-8207C00C924E","1302E769-9AF5-4225-A401-274B9BCD627B"]},{"@class":"BaseNode","object3D":{"@class":"BaseObject3D","id":{"uuid":"45020B3D-D128-4DB9-81C2-56CEBE46973B"},"name":"Follow","enabled":true,"visible":true,"hitVisible":true,"timeline":{"@class":"BaseComponentTimeline","timelineId":{"uuid":"E1186572-4380-4DC1-933D-9291011C27E8"}},"transform":{"@class":"BaseComponentTransformable","localTransforms":{"values":[1.0,-2.220446049250313e-15,-8.881784197001253e-16,0.0,-8.881784197001253e-16,1.0,0.0,0.0,1.7763568394002506e-15,0.0,1.0,0.0,0.0,4.76837158203125e-7,4.76837158203125e-7,1.0]}},"metadata":{"importedIdentifier":"","importedName":"","isBone":false}}},{"@class":"BaseNode","object3D":{"@class":"BaseObject3D","id":{"uuid":"48660E3E-8197-46E8-ACCD-DC2900EC4B8C"},"name":"Move Further","enabled":true,"visible":true,"hitVisible":true,"timeline":{"@class":"BaseComponentTimeline","timelineId":{"uuid":"DFBE46E5-9DE8-475E-8900-36619AA1D701"}},"transform":{"@class":"BaseComponentTransformable","localTransforms":{"values":[1.0,-2.1316282072803007e-14,-2.1316282072803007e-14,0.0,7.105427357601002e-15,1.0,0.0,0.0,7.105427357601002e-15,0.0,1.0,0.0,-2.2737367544323208e-13,1.1920928955078126e-7,4.76837158203125e-7,1.0]}},"metadata":{"importedIdentifier":"","importedName":"","isBone":false}}},{"@class":"BaseNode","object3D":{"@class":"BaseObject3D","id":{"uuid":"09192A8C-57B5-4380-AD75-6424E25D058F"},"name":"Move Nearer","enabled":true,"visible":true,"hitVisible":true,"timeline":{"@class":"BaseComponentTimeline","timelineId":{"uuid":"99E1814E-61F7-4A98-A43E-BE1D40CAF392"}},"transform":{"@class":"BaseComponentTransformable","localTransforms":{"values":[1.0,-1.0658141036401503e-14,-2.842170943040401e-14,0.0,-7.105427357601002e-15,1.0,0.0,0.0,0.0,0.0,1.0,0.0,-2.5579538487363609e-13,1.1920928955078126e-7,4.76837158203125e-7,1.0]}},"metadata":{"importedIdentifier":"","importedName":"","isBone":false}}},{"@class":"BaseNode","object3D":{"@class":"BaseObject3D","id":{"uuid":"35F7098B-34F4-462A-947D-678415D75742"},"name":"Move Up","enabled":true,"visible":true,"hitVisible":true,"timeline":{"@class":"BaseComponentTimeline","timelineId":{"uuid":"F3C4B052-445A-42DC-B0B1-EA296DF4E0C8"}},"transform":{"@class":"BaseComponentTransformable","localTransforms":{"values":[1.0,-1.4210854715202005e-14,-1.4210854715202005e-14,0.0,-7.105427357601002e-15,1.0,0.0,0.0,-7.105427357601002e-15,0.0,1.0,0.0,-1.9895196601282806e-13,1.1920928955078126e-7,4.76837158203125e-7,1.0]}},"metadata":{"importedIdentifier":"","importedName":"","isBone":false}}},{"@class":"BaseNode","object3D":{"@class":"BaseObject3D","id":{"uuid":"48663CB7-13AC-4334-A2F6-BD5C059F29E2"},"name":"Move Down","enabled":true,"visible":true,"hitVisible":true,"timeline":{"@class":"BaseComponentTimeline","timelineId":{"uuid":"7B6F3AAB-FAF5-4D34-B8F7-A21D473ED67A"}},"transform":{"@class":"BaseComponentTransformable","localTransforms":{"values":[1.0,-2.1316282072803007e-14,-2.1316282072803007e-14,0.0,7.105427357601002e-15,1.0,0.0,0.0,0.0,0.0,1.0,0.0,-2.2737367544323208e-13,1.1920928955078126e-7,4.76837158203125e-7,1.0]}},"metadata":{"importedIdentifier":"","importedName":"","isBone":false}}},{"@class":"BaseNode","object3D":{"@class":"BaseObject3D","id":{"uuid":"07F93A91-651F-4C35-97B5-777B360622A3"},"name":"Rotate from Left","enabled":true,"visible":true,"hitVisible":true,"timeline":{"@class":"BaseComponentTimeline","timelineId":{"uuid":"1BA6C62F-182F-42F7-8ED7-964CB46972CB"}},"transform":{"@class":"BaseComponentTransformable","localTransforms":{"values":[1.0,-1.0658141036401503e-14,0.0,0.0,7.105427357601002e-15,1.0,0.0,0.0,7.105427357601002e-15,0.0,1.0,0.0,-2.842170943040401e-14,0.0,0.0,1.0]}},"metadata":{"importedIdentifier":"","importedName":"","isBone":false}}},{"@class":"BaseNode","object3D":{"@class":"BaseObject3D","id":{"uuid":"D45DB385-DB25-4B22-BA80-BBAE0CD28AA8"},"name":"Rotate from Right","enabled":true,"visible":true,"hitVisible":true,"timeline":{"@class":"BaseComponentTimeline","timelineId":{"uuid":"6574F0AC-C1B2-4A7F-8C51-3DFA35D0A037"}},"transform":{"@class":"BaseComponentTransformable","localTransforms":{"values":[1.0,-1.7763568394002506e-14,-7.105427357601002e-15,0.0,-7.105427357601002e-15,1.0,0.0,0.0,0.0,0.0,1.0,0.0,-1.4210854715202004e-13,1.1920928955078126e-7,4.76837158203125e-7,1.0]}},"metadata":{"importedIdentifier":"","importedName":"","isBone":false}}},{"@class":"BaseNode","object3D":{"@class":"BaseObject3D","id":{"uuid":"07514B4F-9B83-4B8B-8739-8207C00C924E"},"name":"Reset","enabled":true,"visible":true,"hitVisible":true,"timeline":{"@class":"BaseComponentTimeline","timelineId":{"uuid":"248A4F4B-1C56-4798-8C11-9E5BBBAD1A17"}},"transform":{"@class":"BaseComponentTransformable","localTransforms":{"values":[1.0,4.440892098500626e-16,0.0,0.0,7.105427357601002e-15,1.0,-6.452896574321457e-16,0.0,0.0,-3.2310047950213647e-16,1.0,0.0,2.2737367544323208e-13,0.0,0.0,1.0]}},"metadata":{"importedIdentifier":"","importedName":"","isBone":false}}},{"@class":"BaseNode","object3D":{"@class":"BaseObject3D","id":{"uuid":"1302E769-9AF5-4225-A401-274B9BCD627B"},"name":"Enabled","enabled":true,"visible":true,"hitVisible":true,"colliders":[{"@class":"BaseComponentCollider","colliderId":{"uuid":"D3F98052-8E36-4492-9A14-1C35659C81F8"}}],"rigidBody":{"@class":"BaseComponentPhysBody","rigidBodyId":{"uuid":"45DEBFE4-5773-4D2D-AC92-7E6CA1182B00"},"isEnabled":true},"transform":{"@class":"BaseComponentTransformable","localTransforms":{"values":[1.0,2.348148520070481e-8,2.1247800741086565e-10,0.0,-2.0229856900755295e-8,0.8660237789154053,-0.4999987483024597,0.0,-1.1925058274186995e-8,0.4999989867210388,0.8660234212875366,0.0,-5.321660978552245e-7,3.472799777984619,16.338369369506837,1.0]}},"metadata":{"importedIdentifier":"","importedName":"","isBone":false}}},{"@class":"BaseNode","object3D":{"@class":"BaseObject3D","id":{"uuid":"BD0D62BD-B36D-4F30-B741-CFDEAC309C0A"},"name":"MainCharacter","enabled":true,"visible":true,"hitVisible":true,"spawner":{"@class":"BaseComponentSpawner","characterScriptId":{"uuid":"6FBB86A7-8474-4D86-98BB-1D7A33BAC648"}},"transform":{"@class":"BaseComponentTransformable","localTransforms":{"values":[1.0,0.0,0.0,0.0,0.0,1.0,0.0,0.0,0.0,0.0,1.0,0.0,0.0,3.83349609375,0.0,1.0]}},"metadata":{"importedIdentifier":"","importedName":"","isBone":false}}},{"@class":"BaseNode","object3D":{"@class":"BaseObject3D","id":{"uuid":"80498458-2F95-4F5F-9FE7-C95DDE85517B"},"name":"Hell_scene","enabled":true,"visible":true,"hitVisible":true,"transform":{"@class":"BaseComponentTransformable","localTransforms":{"values":[1.0,0.0,0.0,0.0,0.0,1.0,0.0,0.0,0.0,0.0,1.0,0.0,0.0,0.0,0.0,1.0]}},"metadata":{"importedIdentifier":"RootNode","importedName":"RootNode","isBone":false}},"children":["3E5EFCEE-E3E6-4C93-9477-CDF0C35AA343","94AF94AE-E06C-4963-9FE8-F09DA9C9C53C","7BE0BF97-56F0-496B-9323-0BEB31C96E33","DC32C230-EC4D-4125-9189-B7D022AB3A6B","D07F3CAD-A515-4D07-9941-DCA0AE6996A6","411551C4-F145-41C0-9F53-876921EC0672","A7BBB109-005E-419F-8630-86139F48F4DA","D45E8641-0DE3-4FF9-974D-216846D5F1C4","4825CB18-2700-403A-969F-BDDE2592D9E0","2AE7B3EB-CB50-4130-A92A-F4D9C5078339","D9FFDD41-3F50-4461-BC8B-19F5D71CE93D","7BA0BBB0-B1FD-4256-8C6D-C4718C56FFAF","1D16A0D5-B046-4330-8B2B-8CF0A6B4F0B9","033C4CD4-D11D-4E38-9F2E-4FACA01BD402","11F06E8E-042A-41AC-BB9C-0E32BE6EB2DF","A484A971-4248-4142-96A6-77F0C89D1981","D579C725-2CB8-4B08-98B4-19CA9C0DFE3F","CAEACAAD-B7BB-42B2-827E-D766BFF7D39D","20A8A195-19F0-4C58-85E9-50BEA31E41E6","2E790F64-E76A-4EEF-8A14-33BAD4B4A91A","E8F6DDFA-971C-404E-9DD5-0B1A50C09AB1","D3970E6B-5E74-4726-8766-E87C78FE70D9","0E701A45-8D2B-45D0-853F-C6BB8F6590F4","0298AABC-9242-4368-9BD4-B14A1F526031","A894DDF1-7032-458E-B612-58C161869457","B17D3F86-E8EE-4548-B060-0570757BDADF","E47A64A2-DF92-4FBE-8FE9-DD673A322EAD","9B956A92-9A91-4FA9-8967-855DD9D669CC","14E094AA-9679-408D-91EB-F14D1F812298","86C3B5C7-E9EE-4A0D-8688-1B4A4FA897EF","43FC1806-726A-4EA8-9F72-EABD3347F0F5","B62514FE-C47C-4EB8-8AE9-FBB8FE01E8DF","E1D41406-165A-47C0-B407-31181C850FDD","BB768DA1-CB42-4415-881C-AB75A13CEA5C","C95A3E3D-4FA0-4093-B232-DE3DED512CC5","044ACA3B-FD17-4747-B96B-C810AD4CA0C1","1D632252-E329-44B2-8177-AEABBDCFF05F","5B8C240E-F227-44E0-B3F5-0D2EB1E1BC74","DB5839E7-83AE-4F2A-A14A-21FB09B10D49","2B5B932A-833B-4B0B-B0C4-F99F7937D880","A6854BA7-0459-45E8-B93C-0A74AB81B24C"]},{"@class":"BaseNode","object3D":{"@class":"BaseObject3D","id":{"uuid":"3E5EFCEE-E3E6-4C93-9477-CDF0C35AA343"},"name":"Bridge","enabled":true,"visible":true,"hitVisible":true,"transform":{"@class":"BaseComponentTransformable","localTransforms":{"values":[0.9890627264976502,0.0,-0.14749546349048615,0.0,0.0,1.0,0.0,0.0,0.14749546349048615,0.0,0.9890627264976502,0.0,0.0,0.0,0.0,1.0]}},"metadata":{"importedIdentifier":"","importedName":"","isBone":false}},"children":["E18A8A6A-8D80-425B-89E3-ADF04054B81C","B218BBBE-64E6-4A6D-A079-4F00FEEF0F5A"]},{"@class":"BaseNode","object3D":{"@class":"BaseObject3D","id":{"uuid":"E18A8A6A-8D80-425B-89E3-ADF04054B81C"},"name":"Bridge 1","enabled":true,"visible":true,"hitVisible":true,"geometry":{"@class":"BaseComponentGeometry","meshId":{"uuid":"F5FA8099-9CBE-4F4F-ABEF-6EA2A3FDB409"},"static":false,"shadowCast":true,"shadowReceive":true},"material":{"@class":"BaseComponentMaterial","materialId":{"uuid":"C744006D-0DA3-4342-B526-C591A336F360"},"mapsStates":127},"transform":{"@class":"BaseComponentTransformable","localTransforms":{"values":[1.0,0.0,0.0,0.0,0.0,1.0,0.0,0.0,0.0,0.0,1.0,0.0,0.0,0.0,0.0,1.0]}},"metadata":{"importedIdentifier":"Bridge","importedName":"Bridge","isBone":false}}},{"@class":"BaseNode","object3D":{"@class":"BaseObject3D","id":{"uuid":"B218BBBE-64E6-4A6D-A079-4F00FEEF0F5A"},"name":"Bridge 2","enabled":true,"visible":true,"hitVisible":true,"geometry":{"@class":"BaseComponentGeometry","meshId":{"uuid":"D1095019-A8C0-49A6-89E6-DFD3951EDB77"},"static":false,"shadowCast":true,"shadowReceive":true},"material":{"@class":"BaseComponentMaterial","materialId":{"uuid":"DA886F42-0CBC-40D8-94D9-1018390D809F"},"mapsStates":127},"transform":{"@class":"BaseComponentTransformable","localTransforms":{"values":[1.0,0.0,0.0,0.0,0.0,1.0,0.0,0.0,0.0,0.0,1.0,0.0,0.0,0.0,0.0,1.0]}},"metadata":{"importedIdentifier":"Bridge","importedName":"Bridge","isBone":false}},"children":["81B68516-A0BF-423D-97BC-42E00CA1394F"]},{"@class":"BaseNode","color_index":4,"object3D":{"@class":"BaseObject3D","id":{"uuid":"81B68516-A0BF-423D-97BC-42E00CA1394F"},"name":"Colliders","enabled":true,"visible":true,"hitVisible":true,"transform":{"@class":"BaseComponentTransformable","localTransforms":{"values":[1.0,0.0,0.0,0.0,0.0,1.0,0.0,0.0,0.0,0.0,1.0,0.0,0.0,0.0,0.0,1.0]}},"metadata":{"importedIdentifier":"","importedName":"","isBone":false}},"children":["2893F706-080F-4EBB-9E58-30A3A0189E90","209FE65C-0B2E-4430-AA26-68405EA5FBF8","E2F4E092-D623-4794-88D7-AB93A02B60E2","D885DB4F-2A9B-4AFF-B76E-919BEC10DE16","B9DA4122-C81D-4B4C-8624-F37F36E5118D","2A9F9682-E3D7-4A38-A9AC-744FC9F86D8E","89A7095F-B5E6-4D1B-B45A-C960B015DD63","7339986F-952F-4B08-88AF-F2FC544D7D10"]},{"@class":"BaseNode","object3D":{"@class":"BaseObject3D","id":{"uuid":"2893F706-080F-4EBB-9E58-30A3A0189E90"},"name":"Collider 4","enabled":true,"visible":true,"hitVisible":true,"colliders":[{"@class":"BaseComponentCollider","colliderId":{"uuid":"F39CC5E7-527E-4906-A60F-1202F5AF60EE"}}],"rigidBody":{"@class":"BaseComponentPhysBody","rigidBodyId":{"uuid":"A5566A0B-F203-4922-B567-ADA317BBC222"},"isEnabled":true},"transform":{"@class":"BaseComponentTransformable","localTransforms":{"values":[1.0,0.0,0.0,0.0,0.0,0.7071067094802856,0.7071068286895752,0.0,-7.450580596923828e-9,-0.7071068286895752,0.7071067094802856,0.0,0.0368763729929924,-1.62774658203125,-0.6786033511161804,1.0]}},"metadata":{"importedIdentifier":"","importedName":"","isBone":false}}},{"@class":"BaseNode","object3D":{"@class":"BaseObject3D","id":{"uuid":"209FE65C-0B2E-4430-AA26-68405EA5FBF8"},"name":"Left 2","enabled":true,"visible":true,"hitVisible":true,"colliders":[{"@class":"BaseComponentCollider","colliderId":{"uuid":"CE2A0BAC-65BE-42BC-902B-AF2C955DEF48"}}],"rigidBody":{"@class":"BaseComponentPhysBody","rigidBodyId":{"uuid":"E48CBB87-17ED-43C6-9AE3-4C0C81D694EF"},"isEnabled":true},"transform":{"@class":"BaseComponentTransformable","localTransforms":{"values":[1.0,0.0,0.0,0.0,0.0,1.0,0.0,0.0,0.0,0.0,1.0,0.0,0.0,0.0,0.0,1.0]}},"metadata":{"importedIdentifier":"","importedName":"","isBone":false}}},{"@class":"BaseNode","object3D":{"@class":"BaseObject3D","id":{"uuid":"E2F4E092-D623-4794-88D7-AB93A02B60E2"},"name":"Top","enabled":true,"visible":true,"hitVisible":true,"colliders":[{"@class":"BaseComponentCollider","colliderId":{"uuid":"27E6513E-21DF-4D7D-B8A1-AE706F0EB8C4"}}],"rigidBody":{"@class":"BaseComponentPhysBody","rigidBodyId":{"uuid":"433C82BF-A359-4992-8439-9773BCBB5C30"},"isEnabled":true},"transform":{"@class":"BaseComponentTransformable","localTransforms":{"values":[1.0,0.0,0.0,0.0,0.0,1.0,0.0,0.0,0.0,0.0,1.0,0.0,0.0,0.0,0.0,1.0]}},"metadata":{"importedIdentifier":"","importedName":"","isBone":false}}},{"@class":"BaseNode","object3D":{"@class":"BaseObject3D","id":{"uuid":"D885DB4F-2A9B-4AFF-B76E-919BEC10DE16"},"name":"Collider 5","enabled":true,"visible":true,"hitVisible":true,"colliders":[{"@class":"BaseComponentCollider","colliderId":{"uuid":"53389EED-1E8D-4157-AF9B-B40484AF47E9"}}],"rigidBody":{"@class":"BaseComponentPhysBody","rigidBodyId":{"uuid":"B1404EE9-C07C-4691-B906-DE632EB70E8E"},"isEnabled":true},"transform":{"@class":"BaseComponentTransformable","localTransforms":{"values":[1.0,-1.5430660083026738e-9,0.0,0.0,0.0,0.7071067094802856,-0.7071068286895752,0.0,-7.450580596923828e-9,0.7071068286895752,0.7071067094802856,0.0,0.2334802746772766,-1.9314384460449219,-7.462285995483398,1.0]}},"metadata":{"importedIdentifier":"","importedName":"","isBone":false}}},{"@class":"BaseNode","object3D":{"@class":"BaseObject3D","id":{"uuid":"B9DA4122-C81D-4B4C-8624-F37F36E5118D"},"name":"Right","enabled":true,"visible":true,"hitVisible":true,"colliders":[{"@class":"BaseComponentCollider","colliderId":{"uuid":"F061BA82-881E-4463-A73B-81BDEC22A693"}}],"rigidBody":{"@class":"BaseComponentPhysBody","rigidBodyId":{"uuid":"C8519A95-F593-4C2B-B331-FFB1FED50F57"},"isEnabled":true},"transform":{"@class":"BaseComponentTransformable","localTransforms":{"values":[1.0,0.0,0.0,0.0,0.0,1.0,0.0,0.0,0.0,0.0,1.0,0.0,0.0,0.0,0.0,1.0]}},"metadata":{"importedIdentifier":"","importedName":"","isBone":false}}},{"@class":"BaseNode","object3D":{"@class":"BaseObject3D","id":{"uuid":"2A9F9682-E3D7-4A38-A9AC-744FC9F86D8E"},"name":"Collider","enabled":true,"visible":true,"hitVisible":true,"colliders":[{"@class":"BaseComponentCollider","colliderId":{"uuid":"01AD8069-7E93-4E8E-A354-7C5A354998F9"}}],"rigidBody":{"@class":"BaseComponentPhysBody","rigidBodyId":{"uuid":"214381D8-DBDE-416C-8381-5E23EE05D79A"},"isEnabled":true},"transform":{"@class":"BaseComponentTransformable","localTransforms":{"values":[0.7071066498756409,0.0,0.7071068286895752,0.0,0.0,1.0,0.0,0.0,-0.7071068286895752,0.0,0.7071066498756409,0.0,-0.5313286185264587,-0.6954364776611328,7.574365139007568,1.0]}},"metadata":{"importedIdentifier":"","importedName":"","isBone":false}}},{"@class":"BaseNode","object3D":{"@class":"BaseObject3D","id":{"uuid":"89A7095F-B5E6-4D1B-B45A-C960B015DD63"},"name":"Right Steps","enabled":true,"visible":true,"hitVisible":true,"transform":{"@class":"BaseComponentTransformable","localTransforms":{"values":[0.7071065902709961,0.0,-0.7071067094802856,0.0,0.0,1.0,0.0,0.0,0.7071067094802856,0.0,0.7071065902709961,0.0,-8.046731948852539,-0.6944866180419922,8.531342506408692,1.0]}},"metadata":{"importedIdentifier":"","importedName":"","isBone":false}},"children":["50B61983-127F-4CEE-BE75-EEAED6451DB0","B2542FA0-5DE2-45B5-A325-60837D27DF1F","267E8EFA-ADE0-4C77-82A4-F218E525D6CF","17339047-0F49-4A8C-8C67-CE3EA8DA8349"]},{"@class":"BaseNode","object3D":{"@class":"BaseObject3D","id":{"uuid":"50B61983-127F-4CEE-BE75-EEAED6451DB0"},"name":"Collider 5","enabled":true,"visible":true,"hitVisible":true,"colliders":[{"@class":"BaseComponentCollider","colliderId":{"uuid":"7D1B6FA5-327D-4132-B16A-503B10565D6C"}}],"rigidBody":{"@class":"BaseComponentPhysBody","rigidBodyId":{"uuid":"B51CAF75-6C89-4F6E-9FC8-2EDD75F12E8A"},"isEnabled":true},"transform":{"@class":"BaseComponentTransformable","localTransforms":{"values":[0.9999998211860657,0.0,-2.9802322387695315e-8,0.0,0.0,1.0,0.0,0.0,2.9802322387695315e-8,0.0,0.9999998211860657,0.0,-9.5367431640625e-7,0.000003814697265625,4.76837158203125e-7,1.0]}},"metadata":{"importedIdentifier":"","importedName":"","isBone":false}}},{"@class":"BaseNode","object3D":{"@class":"BaseObject3D","id":{"uuid":"B2542FA0-5DE2-45B5-A325-60837D27DF1F"},"name":"Collider 4","enabled":true,"visible":true,"hitVisible":true,"colliders":[{"@class":"BaseComponentCollider","colliderId":{"uuid":"569F8514-26A3-4707-8115-1AC3CC23BA2D"}}],"rigidBody":{"@class":"BaseComponentPhysBody","rigidBodyId":{"uuid":"C1583355-5141-4D82-AC31-4CBEC857E1F9"},"isEnabled":true},"transform":{"@class":"BaseComponentTransformable","localTransforms":{"values":[0.9999998807907105,0.0,0.0,0.0,0.0,1.0,0.0,0.0,0.0,0.0,0.9999998807907105,0.0,-9.5367431640625e-7,0.0000019073486328125,4.76837158203125e-7,1.0]}},"metadata":{"importedIdentifier":"","importedName":"","isBone":false}}},{"@class":"BaseNode","object3D":{"@class":"BaseObject3D","id":{"uuid":"267E8EFA-ADE0-4C77-82A4-F218E525D6CF"},"name":"Collider 6","enabled":true,"visible":true,"hitVisible":true,"colliders":[{"@class":"BaseComponentCollider","colliderId":{"uuid":"FBC1F002-D715-4C66-A2B6-3A523EF11AF4"}}],"rigidBody":{"@class":"BaseComponentPhysBody","rigidBodyId":{"uuid":"CC0F1419-7893-4D50-8D7D-12E207E973AA"},"isEnabled":true},"transform":{"@class":"BaseComponentTransformable","localTransforms":{"values":[0.9999998807907105,0.0,2.9802322387695315e-8,0.0,0.0,1.0,0.0,0.0,-2.9802322387695315e-8,0.0,0.9999998807907105,0.0,-9.5367431640625e-7,0.0000019073486328125,0.000001430511474609375,1.0]}},"metadata":{"importedIdentifier":"","importedName":"","isBone":false}}},{"@class":"BaseNode","object3D":{"@class":"BaseObject3D","id":{"uuid":"17339047-0F49-4A8C-8C67-CE3EA8DA8349"},"name":"Collider 2","enabled":true,"visible":true,"hitVisible":true,"colliders":[{"@class":"BaseComponentCollider","colliderId":{"uuid":"18495BAC-3B4F-4EA9-A437-9622483DEE7B"}}],"rigidBody":{"@class":"BaseComponentPhysBody","rigidBodyId":{"uuid":"C1CCFAAC-53BB-4A44-9708-652465E8889B"},"isEnabled":true},"transform":{"@class":"BaseComponentTransformable","localTransforms":{"values":[0.9999999403953552,0.0,2.9802322387695315e-8,0.0,0.0,1.0,0.0,0.0,-2.9802322387695315e-8,0.0,0.9999999403953552,0.0,-9.5367431640625e-7,0.0,4.76837158203125e-7,1.0]}},"metadata":{"importedIdentifier":"","importedName":"","isBone":false}}},{"@class":"BaseNode","object3D":{"@class":"BaseObject3D","id":{"uuid":"7339986F-952F-4B08-88AF-F2FC544D7D10"},"name":"Left Steps","enabled":true,"visible":true,"hitVisible":true,"transform":{"@class":"BaseComponentTransformable","localTransforms":{"values":[0.7071065902709961,0.0,0.7071065306663513,0.0,0.0,1.0,0.0,0.0,-0.7071065306663513,0.0,0.7071065902709961,0.0,3.150329113006592,-0.6944866180419922,12.402352333068848,1.0]}},"metadata":{"importedIdentifier":"","importedName":"","isBone":false}},"children":["11EF2B72-3460-4569-83B3-77A9C5F0B00F","3793B4D1-B432-46E3-9D0F-A23FB8AD02BB","F9DC172A-F129-49C0-8489-7774B96652AB","FE377C18-F252-4C94-86EF-966297A1489A"]},{"@class":"BaseNode","object3D":{"@class":"BaseObject3D","id":{"uuid":"11EF2B72-3460-4569-83B3-77A9C5F0B00F"},"name":"Collider 5","enabled":true,"visible":true,"hitVisible":true,"colliders":[{"@class":"BaseComponentCollider","colliderId":{"uuid":"1202E215-D9E0-49E6-B64B-AA2FD9465C06"}}],"rigidBody":{"@class":"BaseComponentPhysBody","rigidBodyId":{"uuid":"9BD59192-46FF-4F85-AD19-0CE034CF5A1B"},"isEnabled":true},"transform":{"@class":"BaseComponentTransformable","localTransforms":{"values":[0.9999998211860657,0.0,-2.9802322387695315e-8,0.0,0.0,1.0,0.0,0.0,2.9802322387695315e-8,0.0,0.9999998211860657,0.0,-9.5367431640625e-7,0.000003814697265625,4.76837158203125e-7,1.0]}},"metadata":{"importedIdentifier":"","importedName":"","isBone":false}}},{"@class":"BaseNode","object3D":{"@class":"BaseObject3D","id":{"uuid":"3793B4D1-B432-46E3-9D0F-A23FB8AD02BB"},"name":"Collider 4","enabled":true,"visible":true,"hitVisible":true,"colliders":[{"@class":"BaseComponentCollider","colliderId":{"uuid":"3E90C5F1-1A0E-423A-AA9C-9C6EC98319EB"}}],"rigidBody":{"@class":"BaseComponentPhysBody","rigidBodyId":{"uuid":"7A1216D2-1122-41E7-B506-E33CCB46CC13"},"isEnabled":true},"transform":{"@class":"BaseComponentTransformable","localTransforms":{"values":[0.9999998807907105,0.0,0.0,0.0,0.0,1.0,0.0,0.0,0.0,0.0,0.9999998807907105,0.0,-9.5367431640625e-7,0.0000019073486328125,4.76837158203125e-7,1.0]}},"metadata":{"importedIdentifier":"","importedName":"","isBone":false}}},{"@class":"BaseNode","object3D":{"@class":"BaseObject3D","id":{"uuid":"F9DC172A-F129-49C0-8489-7774B96652AB"},"name":"Collider 6","enabled":true,"visible":true,"hitVisible":true,"colliders":[{"@class":"BaseComponentCollider","colliderId":{"uuid":"48415B0E-FD27-4369-BFA1-8B1736119F40"}}],"rigidBody":{"@class":"BaseComponentPhysBody","rigidBodyId":{"uuid":"6F72951D-0613-4D4C-84A4-AE3AC2FCAA24"},"isEnabled":true},"transform":{"@class":"BaseComponentTransformable","localTransforms":{"values":[0.9999998807907105,0.0,2.9802322387695315e-8,0.0,0.0,1.0,0.0,0.0,-2.9802322387695315e-8,0.0,0.9999998807907105,0.0,-9.5367431640625e-7,0.0000019073486328125,0.000001430511474609375,1.0]}},"metadata":{"importedIdentifier":"","importedName":"","isBone":false}}},{"@class":"BaseNode","object3D":{"@class":"BaseObject3D","id":{"uuid":"FE377C18-F252-4C94-86EF-966297A1489A"},"name":"Collider 2","enabled":true,"visible":true,"hitVisible":true,"colliders":[{"@class":"BaseComponentCollider","colliderId":{"uuid":"AE929DE7-A950-4720-BDD0-3049B0890506"}}],"rigidBody":{"@class":"BaseComponentPhysBody","rigidBodyId":{"uuid":"D4071037-29FE-4EAA-9B0F-17D29F08A833"},"isEnabled":true},"transform":{"@class":"BaseComponentTransformable","localTransforms":{"values":[0.9999999403953552,0.0,2.9802322387695315e-8,0.0,0.0,1.0,0.0,0.0,-2.9802322387695315e-8,0.0,0.9999999403953552,0.0,-9.5367431640625e-7,0.0,4.76837158203125e-7,1.0]}},"metadata":{"importedIdentifier":"","importedName":"","isBone":false}}},{"@class":"BaseNode","object3D":{"@class":"BaseObject3D","id":{"uuid":"94AF94AE-E06C-4963-9FE8-F09DA9C9C53C"},"name":"Water_hellgate","enabled":true,"visible":true,"hitVisible":true,"colliders":[{"@class":"BaseComponentCollider","colliderId":{"uuid":"34E80D20-FA7C-4DAA-806C-C4E47CDFA977"}}],"geometry":{"@class":"BaseComponentGeometry","meshId":{"uuid":"23811400-B852-4461-B5FE-C389A35E46F7"},"static":false,"shadowCast":true,"shadowReceive":true},"material":{"@class":"BaseComponentMaterial","materialId":{"uuid":"ABD5FD68-242C-4937-8F1C-911E0BFBDE2E"},"mapsStates":127},"rigidBody":{"@class":"BaseComponentPhysBody","rigidBodyId":{"uuid":"74C90AD4-221C-4E1B-9E87-85DE2443918F"},"isEnabled":true},"transform":{"@class":"BaseComponentTransformable","localTransforms":{"values":[1.0,0.0,0.0,0.0,0.0,1.0,0.0,0.0,0.0,0.0,1.0,0.0,0.0,0.0,0.0,1.0]}},"metadata":{"importedIdentifier":"Water_hellgate","importedName":"Water_hellgate","isBone":false}}},{"@class":"BaseNode","object3D":{"@class":"BaseObject3D","id":{"uuid":"7BE0BF97-56F0-496B-9323-0BEB31C96E33"},"name":"Land_Large","enabled":true,"visible":true,"hitVisible":true,"geometry":{"@class":"BaseComponentGeometry","meshId":{"uuid":"307AEB96-1FB6-43D6-B74D-2135216B9B3B"},"static":false,"shadowCast":true,"shadowReceive":true},"material":{"@class":"BaseComponentMaterial","materialId":{"uuid":"AB877EC9-20AD-4645-8AB4-562CFFD4C8A6"},"mapsStates":127},"transform":{"@class":"BaseComponentTransformable","localTransforms":{"values":[1.0,0.0,0.0,0.0,0.0,1.0,0.0,0.0,0.0,0.0,1.0,0.0,-20.0,0.0,20.0,1.0]}},"metadata":{"importedIdentifier":"Land_Large","importedName":"Land_Large","isBone":false}}},{"@class":"BaseNode","object3D":{"@class":"BaseObject3D","id":{"uuid":"DC32C230-EC4D-4125-9189-B7D022AB3A6B"},"name":"Gate","enabled":true,"visible":true,"hitVisible":true,"transform":{"@class":"BaseComponentTransformable","localTransforms":{"values":[0.9161752462387085,0.0,-0.40077775716781618,0.0,0.0,1.0,0.0,0.0,0.40077775716781618,0.0,0.9161752462387085,0.0,-9.5367431640625e-7,4.76837158203125e-7,-20.0,1.0]}},"metadata":{"importedIdentifier":"","importedName":"","isBone":false}},"children":["8960E7B7-EF62-4DDE-98B1-A053A73B4CA5","D0B621BF-5777-4397-8EE9-24CF626D36A7"]},{"@class":"BaseNode","object3D":{"@class":"BaseObject3D","id":{"uuid":"8960E7B7-EF62-4DDE-98B1-A053A73B4CA5"},"name":"Gate 1","enabled":true,"visible":true,"hitVisible":true,"geometry":{"@class":"BaseComponentGeometry","meshId":{"uuid":"393D1D44-E4F9-44B7-8EE7-C30E4D3E9832"},"static":false,"shadowCast":true,"shadowReceive":true},"material":{"@class":"BaseComponentMaterial","materialId":{"uuid":"DA886F42-0CBC-40D8-94D9-1018390D809F"},"mapsStates":127},"transform":{"@class":"BaseComponentTransformable","localTransforms":{"values":[1.0,0.0,0.0,0.0,0.0,1.0,0.0,0.0,0.0,0.0,1.0,0.0,0.0,0.0,0.0,1.0]}},"metadata":{"importedIdentifier":"Gate","importedName":"Gate","isBone":false}}},{"@class":"BaseNode","object3D":{"@class":"BaseObject3D","id":{"uuid":"D0B621BF-5777-4397-8EE9-24CF626D36A7"},"name":"Gate 2","enabled":true,"visible":true,"hitVisible":true,"geometry":{"@class":"BaseComponentGeometry","meshId":{"uuid":"19ADBBD5-03CF-427D-8647-519E7DAB0854"},"static":false,"shadowCast":true,"shadowReceive":true},"material":{"@class":"BaseComponentMaterial","materialId":{"uuid":"C744006D-0DA3-4342-B526-C591A336F360"},"mapsStates":127},"transform":{"@class":"BaseComponentTransformable","localTransforms":{"values":[1.0,0.0,0.0,0.0,0.0,1.0,0.0,0.0,0.0,0.0,1.0,0.0,0.0,0.0,0.0,1.0]}},"metadata":{"importedIdentifier":"Gate","importedName":"Gate","isBone":false}}},{"@class":"BaseNode","object3D":{"@class":"BaseObject3D","id":{"uuid":"D07F3CAD-A515-4D07-9941-DCA0AE6996A6"},"name":"Wall_river_left","enabled":true,"visible":true,"hitVisible":true,"geometry":{"@class":"BaseComponentGeometry","meshId":{"uuid":"6C8EEEE8-4512-4B80-A4F1-8C31199E0FF8"},"static":false,"shadowCast":true,"shadowReceive":true},"material":{"@class":"BaseComponentMaterial","materialId":{"uuid":"C744006D-0DA3-4342-B526-C591A336F360"},"mapsStates":127},"transform":{"@class":"BaseComponentTransformable","localTransforms":{"values":[1.0,0.0,0.0,0.0,0.0,1.0,0.0,0.0,0.0,0.0,1.0,0.0,-40.0,0.0,0.0,1.0]}},"metadata":{"importedIdentifier":"Wall_river_left","importedName":"Wall_river_left","isBone":false}},"children":["9AB2F9A4-D46F-40A6-9982-D93CF6EB26C1"]},{"@class":"BaseNode","object3D":{"@class":"BaseObject3D","id":{"uuid":"9AB2F9A4-D46F-40A6-9982-D93CF6EB26C1"},"name":"Colliders","enabled":true,"visible":true,"hitVisible":true,"transform":{"@class":"BaseComponentTransformable","localTransforms":{"values":[1.0,0.0,0.0,0.0,0.0,1.0,0.0,0.0,0.0,0.0,1.0,0.0,0.0,0.0,0.0,1.0]}},"metadata":{"importedIdentifier":"","importedName":"","isBone":false}},"children":["D87188A6-5873-490F-AD47-99E837A6E68C","F40C7D8E-B85F-4158-B240-C8288CA3A073","71B42AFA-2A4E-4F27-9872-390337835CF1","9F875F6B-F670-4808-81D6-DC1A0C6BF8E7","A7D5E440-D032-4F1A-897D-9BF38B046D41","7A5F01B2-0B5B-4E0D-B9D4-D228702740F0","CC21D7D8-74B5-4A28-8D85-2AD7F0D0E3B5","9A3219D0-E261-48F2-BF1A-95B4AE5EADB4","42DE2B96-C7E4-4FEE-BA22-3638B8E2F952","FCA4D3ED-E17A-4FC2-9248-17D8ACB35DCC","E4421661-4A7A-44F0-98FA-93E0F5D2340F"]},{"@class":"BaseNode","object3D":{"@class":"BaseObject3D","id":{"uuid":"D87188A6-5873-490F-AD47-99E837A6E68C"},"name":"Collider 6","enabled":true,"visible":true,"hitVisible":true,"colliders":[{"@class":"BaseComponentCollider","colliderId":{"uuid":"2F4A5C04-4E05-414F-914F-F197E4B7E627"}}],"rigidBody":{"@class":"BaseComponentPhysBody","rigidBodyId":{"uuid":"F332FE1A-904F-4958-9FAD-2DEA0E6EB3C3"},"isEnabled":true},"transform":{"@class":"BaseComponentTransformable","localTransforms":{"values":[0.9961947202682495,0.0,-0.08715574443340302,0.0,0.0,1.0,0.0,0.0,0.08715574443340302,0.0,0.9961947202682495,0.0,29.741119384765626,0.0,-7.621551513671875,1.0]}},"metadata":{"importedIdentifier":"","importedName":"","isBone":false}}},{"@class":"BaseNode","object3D":{"@class":"BaseObject3D","id":{"uuid":"F40C7D8E-B85F-4158-B240-C8288CA3A073"},"name":"Collider 7","enabled":true,"visible":true,"hitVisible":true,"colliders":[{"@class":"BaseComponentCollider","colliderId":{"uuid":"E2D3D51A-8D41-4C9B-A178-C768401D6F5F"}}],"rigidBody":{"@class":"BaseComponentPhysBody","rigidBodyId":{"uuid":"233BA36D-FBF4-4377-AA5F-4B56B5D05130"},"isEnabled":true},"transform":{"@class":"BaseComponentTransformable","localTransforms":{"values":[0.03489941358566284,0.0,0.9993908405303955,0.0,-0.0,1.0,0.0,0.0,-0.9993908405303955,-0.0,0.03489941358566284,0.0,29.4774169921875,0.0,-9.58123779296875,1.0]}},"metadata":{"importedIdentifier":"","importedName":"","isBone":false}}},{"@class":"BaseNode","object3D":{"@class":"BaseObject3D","id":{"uuid":"71B42AFA-2A4E-4F27-9872-390337835CF1"},"name":"Collider 8","enabled":true,"visible":true,"hitVisible":true,"colliders":[{"@class":"BaseComponentCollider","colliderId":{"uuid":"A4FAC4B1-0950-4604-987F-68169AE05B58"}}],"rigidBody":{"@class":"BaseComponentPhysBody","rigidBodyId":{"uuid":"A5DE6F52-DE0F-4D42-ABF2-AB1C137EC53D"},"isEnabled":true},"transform":{"@class":"BaseComponentTransformable","localTransforms":{"values":[0.12186925113201142,0.0,0.9925461411476135,0.0,-0.0,1.0,0.0,0.0,-0.9925461411476135,-0.0,0.12186925113201142,0.0,19.69110107421875,0.0,-9.178863525390625,1.0]}},"metadata":{"importedIdentifier":"","importedName":"","isBone":false}}},{"@class":"BaseNode","object3D":{"@class":"BaseObject3D","id":{"uuid":"9F875F6B-F670-4808-81D6-DC1A0C6BF8E7"},"name":"Collider 9","enabled":true,"visible":true,"hitVisible":true,"colliders":[{"@class":"BaseComponentCollider","colliderId":{"uuid":"C7381FE1-AD22-4C0C-B03C-092A3714EDBF"}}],"rigidBody":{"@class":"BaseComponentPhysBody","rigidBodyId":{"uuid":"4648D2BF-61E7-44FD-9D16-A0B429670DC9"},"isEnabled":true},"transform":{"@class":"BaseComponentTransformable","localTransforms":{"values":[0.29237160086631777,0.0,0.9563047289848328,0.0,-0.0,1.0,0.0,0.0,-0.9563047289848328,-0.0,0.29237160086631777,0.0,10.1143798828125,0.0,-7.974273681640625,1.0]}},"metadata":{"importedIdentifier":"","importedName":"","isBone":false}}},{"@class":"BaseNode","object3D":{"@class":"BaseObject3D","id":{"uuid":"A7D5E440-D032-4F1A-897D-9BF38B046D41"},"name":"Collider 10","enabled":true,"visible":true,"hitVisible":true,"colliders":[{"@class":"BaseComponentCollider","colliderId":{"uuid":"B5EE4A9C-680E-4EC6-969D-31011CF5EEBC"}}],"rigidBody":{"@class":"BaseComponentPhysBody","rigidBodyId":{"uuid":"F7E00C42-445C-4ABA-88CA-EA4ED6F4469F"},"isEnabled":true},"transform":{"@class":"BaseComponentTransformable","localTransforms":{"values":[0.4539903700351715,0.0,0.8910065293312073,0.0,-0.0,1.0,0.0,0.0,-0.8910065293312073,-0.0,0.4539903700351715,0.0,5.498199462890625,0.0,-6.64971923828125,1.0]}},"metadata":{"importedIdentifier":"","importedName":"","isBone":false}}},{"@class":"BaseNode","object3D":{"@class":"BaseObject3D","id":{"uuid":"7A5F01B2-0B5B-4E0D-B9D4-D228702740F0"},"name":"Collider 11","enabled":true,"visible":true,"hitVisible":true,"colliders":[{"@class":"BaseComponentCollider","colliderId":{"uuid":"E2FF70E3-3FCB-4F55-8CC0-390D0B556A89"}}],"rigidBody":{"@class":"BaseComponentPhysBody","rigidBodyId":{"uuid":"98E2BF95-1097-4ACD-A1DE-DA69AEB4E47F"},"isEnabled":true},"transform":{"@class":"BaseComponentTransformable","localTransforms":{"values":[0.5299190282821655,0.0,0.8480480909347534,0.0,-0.0,1.0,0.0,0.0,-0.8480480909347534,-0.0,0.5299190282821655,0.0,0.0947265625,0.0,-3.866241455078125,1.0]}},"metadata":{"importedIdentifier":"","importedName":"","isBone":false}}},{"@class":"BaseNode","object3D":{"@class":"BaseObject3D","id":{"uuid":"CC21D7D8-74B5-4A28-8D85-2AD7F0D0E3B5"},"name":"Collider 12","enabled":true,"visible":true,"hitVisible":true,"colliders":[{"@class":"BaseComponentCollider","colliderId":{"uuid":"EECDFD69-CE8B-4D21-AC30-617FB2FEE686"}}],"rigidBody":{"@class":"BaseComponentPhysBody","rigidBodyId":{"uuid":"846021B6-1630-4B77-8205-A9FFE8EF0013"},"isEnabled":true},"transform":{"@class":"BaseComponentTransformable","localTransforms":{"values":[0.5299190282821655,0.0,0.8480480909347534,0.0,0.0,1.0,0.0,0.0,-0.8480480909347534,0.0,0.5299190282821655,0.0,0.0947265625,0.0,-3.866241455078125,1.0]}},"metadata":{"importedIdentifier":"","importedName":"","isBone":false}}},{"@class":"BaseNode","object3D":{"@class":"BaseObject3D","id":{"uuid":"9A3219D0-E261-48F2-BF1A-95B4AE5EADB4"},"name":"Collider 13","enabled":true,"visible":true,"hitVisible":true,"colliders":[{"@class":"BaseComponentCollider","colliderId":{"uuid":"34DF6B2D-0A0F-41FA-B916-06CFC44DE5FC"}}],"rigidBody":{"@class":"BaseComponentPhysBody","rigidBodyId":{"uuid":"BF9E9292-847C-4455-BCB8-612F86DE669B"},"isEnabled":true},"transform":{"@class":"BaseComponentTransformable","localTransforms":{"values":[0.9956575036048889,-0.030934929847717286,-0.0878019854426384,0.0,0.01694389432668686,0.987638533115387,-0.15583030879497529,0.0,0.09153721481561661,0.1536659151315689,0.9838738441467285,0.0,29.741119384765626,0.16387939453125,-8.729888916015625,1.0]}},"metadata":{"importedIdentifier":"","importedName":"","isBone":false}}},{"@class":"BaseNode","object3D":{"@class":"BaseObject3D","id":{"uuid":"42DE2B96-C7E4-4FEE-BA22-3638B8E2F952"},"name":"Collider 14","enabled":true,"visible":true,"hitVisible":true,"colliders":[{"@class":"BaseComponentCollider","colliderId":{"uuid":"AA3BFA8E-95AC-42C1-B7CB-5E964532BDF1"}}],"rigidBody":{"@class":"BaseComponentPhysBody","rigidBodyId":{"uuid":"BC13FBB6-B8A7-49C1-BD89-FA957A74A981"},"isEnabled":true},"transform":{"@class":"BaseComponentTransformable","localTransforms":{"values":[0.8191518187522888,-3.725290298461914e-9,-0.573576807975769,0.0,-0.059955112636089328,0.994521975517273,-0.08562472462654114,0.0,0.5704346895217896,0.10452849417924881,0.8146644234657288,0.0,-1.0389404296875,-2.05126953125,-2.42926025390625,1.0]}},"metadata":{"importedIdentifier":"","importedName":"","isBone":false}}},{"@class":"BaseNode","object3D":{"@class":"BaseObject3D","id":{"uuid":"FCA4D3ED-E17A-4FC2-9248-17D8ACB35DCC"},"name":"Collider 15","enabled":true,"visible":true,"hitVisible":true,"colliders":[{"@class":"BaseComponentCollider","colliderId":{"uuid":"7B177060-5EA3-484B-AF02-0D3D23E3FD61"}}],"rigidBody":{"@class":"BaseComponentPhysBody","rigidBodyId":{"uuid":"6FB02CA7-37DD-4E2D-BEF8-3C77F5B6EFFD"},"isEnabled":true},"transform":{"@class":"BaseComponentTransformable","localTransforms":{"values":[0.9047160148620606,0.01215924322605133,-0.42584171891212466,0.0,-0.08718583732843399,0.9837201833724976,-0.1571408361196518,0.0,0.41699835658073428,0.17929519712924958,0.891047477722168,0.0,3.820098876953125,-2.07196044921875,-4.80377197265625,1.0]}},"metadata":{"importedIdentifier":"","importedName":"","isBone":false}}},{"@class":"BaseNode","object3D":{"@class":"BaseObject3D","id":{"uuid":"E4421661-4A7A-44F0-98FA-93E0F5D2340F"},"name":"Collider 16","enabled":true,"visible":true,"hitVisible":true,"colliders":[{"@class":"BaseComponentCollider","colliderId":{"uuid":"A6DCF534-50B8-4B55-858D-69340F8E87DF"}}],"rigidBody":{"@class":"BaseComponentPhysBody","rigidBodyId":{"uuid":"06FB0925-30A5-4DEC-B045-537A24FD3DD1"},"isEnabled":true},"transform":{"@class":"BaseComponentTransformable","localTransforms":{"values":[0.9734910726547241,0.013083577156066895,-0.22835089266300202,0.0,-0.05288969725370407,0.9841812252998352,-0.16908644139766694,0.0,0.22252635657787324,0.1766815185546875,0.9587834477424622,0.0,9.681976318359375,-1.954620361328125,-6.85784912109375,1.0]}},"metadata":{"importedIdentifier":"","importedName":"","isBone":false}}},{"@class":"BaseNode","object3D":{"@class":"BaseObject3D","id":{"uuid":"411551C4-F145-41C0-9F53-876921EC0672"},"name":"Square_main","enabled":true,"visible":true,"hitVisible":true,"geometry":{"@class":"BaseComponentGeometry","meshId":{"uuid":"5D14C7B7-FE52-4CBA-9B89-5D3325120C77"},"static":false,"shadowCast":true,"shadowReceive":true},"material":{"@class":"BaseComponentMaterial","materialId":{"uuid":"DA886F42-0CBC-40D8-94D9-1018390D809F"},"mapsStates":127},"transform":{"@class":"BaseComponentTransformable","localTransforms":{"values":[1.0,0.0,0.0,0.0,0.0,1.0,0.0,0.0,0.0,0.0,1.0,0.0,-20.0,0.0,-20.0,1.0]}},"metadata":{"importedIdentifier":"Square_main","importedName":"Square_main","isBone":false}},"children":["75684967-7151-47EA-80E5-362023D3168F"]},{"@class":"BaseNode","object3D":{"@class":"BaseObject3D","id":{"uuid":"75684967-7151-47EA-80E5-362023D3168F"},"name":"Colliders","enabled":true,"visible":true,"hitVisible":true,"transform":{"@class":"BaseComponentTransformable","localTransforms":{"values":[1.0,0.0,0.0,0.0,0.0,1.0,0.0,0.0,0.0,0.0,1.0,0.0,0.0,0.0,0.0,1.0]}},"metadata":{"importedIdentifier":"","importedName":"","isBone":false}},"children":["18361B0B-DF37-444E-BB46-F4FE08320F8E","497A1266-CBE9-4DE5-AA56-69B0A4303A93","9ADF53D0-E28A-4E31-A76A-5D673D6E57CB","E387639F-141E-480D-AC5F-73AD3DDDD897","A3155E56-AC1A-450A-B0AE-8E8CDD0D89C1","F866E502-3945-41E8-AE12-C0B6D2970DC4","4D250B8F-E70B-42B9-9E0E-92262E52903B","5E09CD61-18C0-4165-8E89-B3B367DAC688","74F43350-47C7-4061-90B6-7FC79D3CBE5A"]},{"@class":"BaseNode","object3D":{"@class":"BaseObject3D","id":{"uuid":"18361B0B-DF37-444E-BB46-F4FE08320F8E"},"name":"Collider","enabled":true,"visible":true,"hitVisible":true,"colliders":[{"@class":"BaseComponentCollider","colliderId":{"uuid":