{"@class":"BaseSkinController","boneInfoCollection":[{"@class":"BoneInfo","index":0,"offset":{"values":[0.9966869950294495,0.07870405912399292,0.020508460700511932,0.0,0.02756156586110592,-0.08960293233394623,-0.995596170425415,0.0,-0.07651984691619873,0.9928630590438843,-0.09147527813911438,0.0,0.7086874842643738,0.07565885782241821,-1.5421864986419678,1.0]}},{"@class":"BoneInfo","index":1,"offset":{"values":[0.9966871738433838,-0.034097861498594284,0.07383745163679123,0.0,0.027559148147702217,0.9957541227340698,0.08783116936683655,0.0,-0.07651879638433456,-0.08550537377595901,0.993395209312439,0.0,0.7086837887763977,0.6282908916473389,0.11489903926849365,1.0]}},{"@class":"BoneInfo","index":2,"offset":{"values":[-0.9922224283218384,0.09903702139854431,0.07539962977170944,0.0,-0.10677452385425568,-0.9885473847389221,-0.10664407908916473,0.0,0.0639762282371521,-0.11386605352163315,0.9914323091506958,0.0,-0.6333853602409363,-0.4878177046775818,0.004387306049466133,0.9999998807907104]}},{"@class":"BoneInfo","index":3,"offset":{"values":[-0.9935103058815002,0.1028856411576271,0.0484856516122818,0.0,-0.10927722603082657,-0.9816850423812866,-0.1560536026954651,0.0,0.031543850898742676,-0.1603398621082306,0.9865559935569763,0.0,-0.6389105916023254,-0.9415587782859802,-0.05994263291358948,1.0]}},{"@class":"BoneInfo","index":4,"offset":{"values":[-0.9758666157722473,0.1388549953699112,-0.1685318499803543,0.0,-0.21776999533176422,-0.5618396997451782,0.7980678677558899,0.0,0.016129624098539352,0.8155072927474976,0.5785191655158997,0.0,-0.787195086479187,-0.6185615062713623,1.137246012687683,1.0000001192092896]}},{"@class":"BoneInfo","index":5,"offset":{"values":[-0.9587268829345703,0.2201719880104065,-0.17990687489509583,0.0,-0.2214491367340088,-0.1813545823097229,0.9581601619720459,0.0,0.17833460867404938,0.9584522843360901,0.22262704372406006,0.0,-0.7840877175331116,-0.1687801629304886,1.3738521337509155,1.0]}},{"@class":"BoneInfo","index":6,"offset":{"values":[-0.9947217702865601,-0.060779474675655365,0.08266714215278625,0.0,0.051830291748046875,-0.9929714798927307,-0.10640101879835129,0.0,0.08855141699314117,-0.10155554115772247,0.9908789396286011,0.0,-0.7794122695922852,-0.6014553904533386,0.00957638118416071,1.0]}},{"@class":"BoneInfo","index":7,"offset":{"values":[-0.9911829233169556,-0.07206284999847412,0.11118744313716888,0.0,0.05440829321742058,-0.986515462398529,-0.154359370470047,0.0,0.12080998718738556,-0.14694960415363312,0.9817363023757935,0.0,-0.7722740173339844,-1.0659503936767578,-0.015422038733959198,1.0]}},{"@class":"BoneInfo","index":8,"offset":{"values":[-0.9773797392845154,0.01822742447257042,0.2107030302286148,0.0,0.16376236081123352,-0.5652069449424744,0.8085311055183411,0.0,0.13382665812969208,0.8247453570365906,0.5494369268417358,0.0,-0.6016390323638916,-0.7043836712837219,1.406867265701294,1.0]}},{"@class":"BoneInfo","index":9,"offset":{"values":[-0.9854063987731934,-0.06110772490501404,0.15886782109737396,0.0,0.16771472990512848,-0.18917357921600342,0.9675145745277405,0.0,-0.0290704146027565,0.9800377488136292,0.19666226208209991,0.0,-0.598233699798584,-0.3688459098339081,1.6147241592407227,0.9999998807907104]}},{"@class":"BoneInfo","index":10,"offset":{"values":[0.9966872930526733,-0.017840545624494553,0.0793493390083313,0.0,0.027558857575058937,0.992009162902832,-0.12312127649784088,0.0,-0.0765186995267868,0.12490012496709824,0.9892145991325378,0.0,0.7086836695671082,0.4363522529602051,0.023845432326197624,1.0]}},{"@class":"BoneInfo","index":11,"offset":{"values":[0.9966872930526733,-0.04262248054146767,0.06926737725734711,0.0,0.02755928784608841,0.9782857298851013,0.20542095601558685,0.0,-0.07651882618665695,-0.20283149182796478,0.9762195944786072,0.0,0.7086838483810425,0.329664945602417,0.13829556107521057,1.0]}},{"@class":"BoneInfo","index":12,"offset":{"values":[0.9966871738433838,-0.020545069128274918,0.07869280874729156,0.0,0.027559027075767517,0.9956406950950623,-0.08910888433456421,0.0,-0.07651900500059128,0.0909823626279831,0.9929084777832031,0.0,0.7086837291717529,0.21692872047424316,0.0783839151263237,1.0]}},{"@class":"BoneInfo","index":13,"offset":{"values":[-0.01420059148222208,-0.9919400215148926,0.12590961158275604,0.0,0.9974456429481506,-0.005236926022917032,0.0712386816740036,0.0,-0.07000509649515152,0.12659962475299835,0.98948073387146,0.0,0.05965697765350342,-0.7420652508735657,0.08634531497955322,1.0]}},{"@class":"BoneInfo","index":14,"offset":{"values":[-0.03306269273161888,-0.9979537725448608,0.054726991802453995,0.0,0.9808074831962585,-0.02186957746744156,0.1937495321035385,0.0,-0.19215625524520874,0.06008251756429672,0.9795234799385071,0.0,0.04510796070098877,-0.8901094198226929,0.03190729022026062,1.0]}},{"@class":"BoneInfo","index":15,"offset":{"values":[-0.030427714809775352,-0.9874776601791382,0.15479668974876404,0.0,0.9672133922576904,0.009977499023079872,0.25376951694488525,0.0,-0.25213611125946045,0.1574430763721466,0.9547979235649109,0.0,0.04992568492889404,-1.1452020406723022,0.15299052000045776,1.0]}},{"@class":"BoneInfo","index":16,"offset":{"values":[-0.014267884194850922,-0.9557074904441833,-0.2939721941947937,0.0,-0.19873042404651642,-0.28542646765708923,0.9375703930854797,0.0,-0.979950487613678,0.0717984139919281,-0.18585559725761414,0.0,0.05410662293434143,-1.3929321765899658,-0.3348311185836792,1.0]}},{"@class":"BoneInfo","index":17,"offset":{"values":[-0.1378137618303299,-0.17813004553318024,0.9743086099624634,0.0,0.8044958114624023,-0.5939357280731201,0.005206599831581116,0.0,0.5777490735054016,0.7845448851585388,0.2251574546098709,0.0,-0.19171106815338135,-0.4077945351600647,1.3946082592010498,0.9999999403953552]}},{"@class":"BoneInfo","index":18,"offset":{"values":[-0.048223499208688736,-0.515202522277832,0.8557107448577881,0.0,0.8998262882232666,-0.3942881226539612,-0.1866816133260727,0.0,0.4335753619670868,0.7609885334968567,0.4826067090034485,0.0,-0.02864062786102295,-0.910038411617279,1.1614874601364136,1.0]}},{"@class":"BoneInfo","index":19,"offset":{"values":[-0.17355850338935852,-0.5630092024803162,0.8080211877822876,0.0,0.8401970863342285,-0.5126695036888123,-0.1767457276582718,0.0,0.5137571692466736,0.648221492767334,0.5620169043540955,0.0,-0.2365039587020874,-1.0161586999893188,1.0781711339950562,1.0]}},{"@class":"BoneInfo","index":20,"offset":{"values":[0.007577128708362579,-0.8895682692527771,0.4567396938800812,0.0,0.2483386993408203,-0.4407694935798645,-0.862583577632904,0.0,0.9686436653137207,0.11996208131313324,0.2175743281841278,0.0,-0.09129881858825684,-1.416093111038208,0.583154559135437,1.0]}},{"@class":"BoneInfo","index":21,"offset":{"values":[-0.045020394027233124,-0.9281237125396729,0.3695395290851593,0.0,0.23145225644111633,-0.369540274143219,-0.8999277949333191,0.0,0.9718040227890015,0.045015718787908554,0.23145312070846558,0.0,-0.17578431963920593,-1.4976511001586914,0.4408266544342041,1.0]}},{"@class":"BoneInfo","index":22,"offset":{"values":[-0.03212643414735794,-0.931223452091217,0.3630305230617523,0.0,0.2069994956254959,-0.36154216527938843,-0.9090868234634399,0.0,0.9778135418891907,0.04594147950410843,0.20437774062156677,0.0,-0.159244567155838,-1.52829909324646,0.43307387828826904,1.0]}},{"@class":"BoneInfo","index":23,"offset":{"values":[-0.09127885103225708,-0.9049054384231567,0.41570836305618286,0.0,0.13870252668857574,-0.4249347150325775,-0.8945345878601074,0.0,0.986118495464325,-0.02399224042892456,0.16430023312568665,0.0,-0.23400834202766418,-1.4183951616287231,0.5323134660720825,0.9999998807907104]}},{"@class":"BoneInfo","index":24,"offset":{"values":[-0.08277090638875961,-0.9637870192527771,0.25349974632263184,0.0,0.21213993430137634,-0.26558223366737366,-0.9404584169387817,0.0,0.9737277626991272,-0.024065114557743073,0.22644025087356567,0.0,-0.21106839179992676,-1.5364328622817993,0.2664254903793335,0.9999997615814209]}},{"@class":"BoneInfo","index":25,"offset":{"values":[-0.16475380957126617,-0.9195873141288757,0.35667169094085693,0.0,0.19178366661071777,-0.3845784664154053,-0.9029497504234314,0.0,0.967509925365448,-0.080360546708107,0.23972263932228088,0.0,-0.3435695171356201,-1.5039421319961548,0.4340195655822754,1.0]}},{"@class":"BoneInfo","index":26,"offset":{"values":[-0.2946907877922058,-0.9086611866950989,0.29579120874404907,0.0,0.1133093535900116,-0.3405799865722656,-0.9333630204200745,0.0,0.9488510489463806,-0.24153746664524078,0.20332551002502441,0.0,-0.517816960811615,-1.3947937488555908,0.3466271162033081,0.9999999403953552]}},{"@class":"BoneInfo","index":27,"offset":{"values":[-0.2602483034133911,-0.9359830021858215,0.23708033561706543,0.0,0.11375487595796585,-0.2735535502433777,-0.9551066160202026,0.0,0.9588174223899841,-0.2215956151485443,0.17766430974006653,0.0,-0.4647212326526642,-1.4746026992797852,0.25450360774993896,1.0]}},{"@class":"BoneInfo","index":28,"offset":{"values":[-0.2229892462491989,-0.9218206405639648,0.3170532286167145,0.0,0.1019010916352272,-0.3455030918121338,-0.9328685998916626,0.0,0.9694801568984985,-0.1757115125656128,0.1709778606891632,0.0,-0.40764397382736206,-1.4916225671768188,0.3844965696334839,0.9999999403953552]}},{"@class":"BoneInfo","index":29,"offset":{"values":[-0.5138232111930847,-0.8046612739562988,0.2974998950958252,0.0,-0.030013859272003174,-0.32970553636550903,-0.9436066150665283,0.0,0.8573708534240723,-0.4937764108181,0.14525927603244781,0.0,-0.8330222368240356,-1.2229771614074707,0.35209178924560547,0.9999998807907104]}},{"@class":"BoneInfo","index":30,"offset":{"values":[-0.5067889094352722,-0.8323073983192444,0.2245655655860901,0.0,-0.026293784379959106,-0.2454509735107422,-0.9690524339675903,0.0,0.8616693615913391,-0.4970099925994873,0.10250714421272278,0.0,-0.8219327926635742,-1.2916443347930908,0.23844945430755615,1.0000001192092896]}},{"@class":"BoneInfo","index":31,"offset":{"values":[-0.34449243545532227,-0.8974800705909729,0.27541738748550415,0.0,-0.019298668950796127,-0.28654322028160095,-0.9578728675842285,0.0,0.9385907649993896,-0.3352954089641571,0.08139164745807648,0.0,-0.5702147483825684,-1.4227161407470703,0.3197824954986572,1.0]}},{"@class":"BoneInfo","index":32,"offset":{"values":[0.04632049426436424,-0.06267454475164413,-0.9969584345817566,0.0,0.9061833024024963,-0.41732746362686157,0.06833851337432861,0.0,-0.4203411936759949,-0.9065923690795898,0.03746401146054268,0.0,0.1565873622894287,-0.07273334264755249,-1.1303576231002808,0.9999999403953552]}},{"@class":"BoneInfo","index":33,"offset":{"values":[0.8058319091796875,-0.5241358876228333,0.2755298316478729,0.0,0.5358915328979492,0.8434668183326721,0.03721056878566742,0.0,-0.2519035339355469,0.11766864359378815,0.9605724811553955,0.0,0.7161802053451538,-0.34141451120376587,0.20686259865760803,1.0]}},{"@class":"BoneInfo","index":34,"offset":{"values":[0.05146048963069916,0.9984153509140015,0.022770956158638,0.0,-0.9964155554771423,0.04979763552546501,0.06838583201169968,0.0,0.06714347004890442,-0.026208486407995224,0.9973991513252258,0.0,-0.03316390514373779,0.6731553673744202,0.013009622693061829,1.0]}},{"@class":"BoneInfo","index":35,"offset":{"values":[0.051420051604509354,0.9951145648956299,0.0842771977186203,0.0,-0.9784541726112366,0.03330232575535774,0.2037612646818161,0.0,0.19995927810668945,-0.09293876588344574,0.9753865003585815,0.0,-0.03212893009185791,0.5270445942878723,0.05356365442276001,1.0]}},{"@class":"BoneInfo","index":36,"offset":{"values":[0.06138577312231064,0.9978842735290527,-0.021400682628154755,0.0,-0.9648849964141846,0.06481479108333588,0.2545507550239563,0.0,0.2553994059562683,0.005023449659347534,0.9668226838111877,0.0,-0.0276186466217041,0.26646316051483154,0.02811715006828308,1.0]}},{"@class":"BoneInfo","index":37,"offset":{"values":[0.12448945641517639,0.9696940183639526,0.21022774279117584,0.0,0.20177865028381348,-0.23219022154808044,0.9515110850334167,0.0,0.9714875221252441,-0.0760335847735405,-0.22456876933574677,0.0,0.024256885051727295,-0.023895472288131714,0.023674964904785156,0.9999999403953552]}},{"@class":"BoneInfo","index":38,"offset":{"values":[-0.18092301487922668,0.3280913829803467,-0.9271584153175354,0.0,-0.8126894235610962,-0.580803632736206,-0.04694167897105217,0.0,-0.5538980960845947,0.7449989318847656,0.3717171251773834,0.0,-0.03416430950164795,-0.047908663749694824,0.04246801137924194,1.0]}},{"@class":"BoneInfo","index":39,"offset":{"values":[-0.06511523574590683,0.646149754524231,-0.760427713394165,0.0,-0.9026788473129272,-0.36297354102134705,-0.2311292290687561,0.0,-0.4253592789173126,0.6713719964027405,0.6069010496139526,0.0,-0.05134999752044678,-0.08432646095752716,0.012307941913604736,0.9999998807907104]}},{"@class":"BoneInfo","index":40,"offset":{"values":[-0.20422762632369995,0.6826115250587463,-0.7016639113426208,0.0,-0.8502717018127441,-0.47889119386672974,-0.21840596199035645,0.0,-0.4851072132587433,0.5520004630088806,0.6782081723213196,0.0,-0.031572937965393066,-0.13051572442054749,0.004563033580780029,1.0]}},{"@class":"BoneInfo","index":41,"offset":{"values":[-0.12722992897033691,0.9202889800071716,-0.3699743151664734,0.0,-0.251778244972229,-0.3907538652420044,-0.885392427444458,0.0,-0.9593855142593384,-0.01949688047170639,0.281424343585968,0.0,0.006672501564025879,-0.12920834124088287,-0.004815936088562012,1.0]}},{"@class":"BoneInfo","index":42,"offset":{"values":[-0.1804167926311493,0.942988395690918,-0.27968335151672363,0.0,-0.23788025975227356,-0.31774094700813293,-0.9178528785705566,0.0,-0.9543914198875427,-0.09906487911939621,0.28164416551589966,0.0,0.015829861164093018,-0.16720636188983917,-0.021008729934692383,0.9999999403953552]}},{"@class":"BoneInfo","index":43,"offset":{"values":[-0.1699470579624176,0.9457510113716125,-0.2768993377685547,0.0,-0.21278659999370575,-0.30957624316215515,-0.9267603754997253,0.0,-0.9622058272361755,-0.09857967495918274,0.25385478138923645,0.0,0.015896975994110107,-0.19368700683116913,-0.022145509719848633,1.0]}},{"@class":"BoneInfo","index":44,"offset":{"values":[-0.23339229822158813,0.9125874638557434,-0.33572661876678467,0.0,-0.1477920413017273,-0.3745426833629608,-0.9153556823730469,0.0,-0.9610860347747803,-0.16401919722557068,0.22228854894638062,0.0,0.003559589385986328,-0.12606939673423767,-0.002216815948486328,1.0]}},{"@class":"BoneInfo","index":45,"offset":{"values":[-0.21885395050048828,0.9619331359863281,-0.16366855800151825,0.0,-0.2207145243883133,-0.21219052374362946,-0.9519772529602051,0.0,-0.9504675269126892,-0.17221993207931519,0.2587515115737915,0.0,-0.0031906962394714355,-0.16715538501739502,-0.030417323112487793,0.9999998807907104]}},{"@class":"BoneInfo","index":46,"offset":{"values":[-0.3000677824020386,0.9162594079971313,-0.2653823792934418,0.0,-0.20486202836036682,-0.33360955119132996,-0.9201830625534058,0.0,-0.9316604137420654,-0.22175052762031555,0.28781232237815857,0.0,0.013404667377471924,-0.19856230914592743,-0.008620142936706543,1.0]}},{"@class":"BoneInfo","index":47,"offset":{"values":[-0.4296088218688965,0.8784651160240173,-0.20912985503673553,0.0,-0.1333838254213333,-0.2907825708389282,-0.9474465847015381,0.0,-0.8931100368499756,-0.3791368007659912,0.24209579825401306,0.0,0.003050506114959717,-0.12404131889343262,-0.012750744819641113,1.0000001192092896]}},{"@class":"BoneInfo","index":48,"offset":{"values":[-0.397055447101593,0.904790461063385,-0.15395106375217438,0.0,-0.13199156522750854,-0.22228974103927612,-0.966005265712738,0.0,-0.9082542657852173,-0.36323729157447815,0.20768611133098602,0.0,-0.0024652481079101563,-0.16570791602134705,-0.023862123489379883,1.0]}},{"@class":"BoneInfo","index":49,"offset":{"values":[-0.3626639246940613,0.9017667174339294,-0.23514115810394287,0.0,-0.11812658607959747,-0.29476654529571533,-0.9482401013374329,0.0,-0.9244032502174377,-0.3161160349845886,0.21342387795448303,0.0,-0.008508622646331787,-0.19495129585266113,-0.008431077003479004,1.0]}},{"@class":"BoneInfo","index":50,"offset":{"values":[-0.639722466468811,0.7367532253265381,-0.21897421777248383,0.0,-0.0019204244017601013,-0.2864295542240143,-0.9580996632575989,0.0,-0.7686037421226501,-0.6124974489212036,0.184650257229805,0.0,0.013014793395996094,-0.12691490352153778,-0.015604972839355469,1.0]}},{"@class":"BoneInfo","index":51,"offset":{"values":[-0.6331691741943359,0.7589158415794373,-0.15213033556938171,0.0,-0.005292877554893494,-0.20078837871551514,-0.9796205759048462,0.0,-0.7739953994750977,-0.6194605827331543,0.13114982843399048,0.0,0.011527538299560547,-0.16016675531864166,-0.02985560894012451,1.0]}},{"@class":"BoneInfo","index":52,"offset":{"values":[-0.48442649841308594,0.8501603007316589,-0.20629748702049255,0.0,-0.0035592541098594666,-0.2377275675535202,-0.9713255167007446,0.0,-0.8748247623443604,-0.4698018729686737,0.11818745732307434,0.0,-0.01897794008255005,-0.18003374338150024,-0.023055672645568848,1.0]}},{"@class":"BoneInfo","index":53,"offset":{"values":[0.921221911907196,0.38774991035461426,-0.03162439912557602,0.0,-0.38884422183036804,0.9202789664268494,-0.04344141110777855,0.0,0.01225888729095459,0.05231616273522377,0.9985555410385132,0.0,0.5159209966659546,0.3227553367614746,-0.02887212485074997,1.0]}},{"@class":"BoneInfo","index":54,"offset":{"values":[0.9966871738433838,0.02598184533417225,0.07706895470619202,0.0,0.027558458968997,0.783653736114502,-0.6205863952636719,0.0,-0.07651934772729874,0.6206543445587158,0.7803417444229126,0.0,0.7086836099624634,-0.009231090545654297,0.04236447811126709,1.0]}},{"@class":"BoneInfo","index":55,"offset":{"values":[0.9966872334480286,-0.016611389815807343,0.0796164870262146,0.0,0.027558963745832443,0.9899864792823792,-0.1384463906288147,0.0,-0.07651946693658829,0.14018183946609497,0.9871646165847778,0.0,0.7086836099624634,-0.12616944313049316,-0.024942727759480476,1.0]}},{"@class":"BoneInfo","index":56,"offset":{"values":[-0.020629333332180977,0.1938396692276001,0.9808164834976196,0.0,0.9952899813652039,-0.08896663039922714,0.038516297936439514,0.0,0.0947258397936821,0.9769912362098694,-0.19109129905700684,0.0,-0.18464744091033936,-0.011848397552967072,0.7461873292922974,1.0]}},{"@class":"BoneInfo","index":57,"offset":{"values":[-0.019873078912496567,-0.037364162504673004,0.9991040229797363,0.0,0.9953107237815857,-0.09535957872867584,0.016231384128332138,0.0,0.09466758370399475,0.9947414994239807,0.03908412903547287,0.0,-0.18410968780517578,-0.1762433499097824,0.6616134643554688,1.0]}},{"@class":"BoneInfo","index":58,"offset":{"values":[-0.9782548546791077,-0.183484748005867,-0.09667455404996872,0.0,0.18947334587574005,-0.9802394509315491,-0.05683727189898491,0.0,-0.08433444797992706,-0.07391858100891113,0.9936920404434204,0.0,-0.7589722871780396,-0.5717624425888062,-0.15882374346256256,1.0]}},{"@class":"BoneInfo","index":59,"offset":{"values":[-0.9489737749099731,0.2850128710269928,-0.134968563914299,0.0,-0.17373690009117126,-0.8296904563903809,-0.5304988622665405,0.0,-0.26318109035491943,-0.47998058795928955,0.8368718028068542,0.0,-0.5620526671409607,-0.2062150239944458,-0.3184546232223511,1.0]}}],"id":{"uuid":"0F11A3A6-B142-4194-A647-6B15F5E972A2"}}