{"@class":"BaseSkinController","boneInfoCollection":[{"@class":"BoneInfo","index":0,"offset":{"values":[-1.0,-8.662515824653383e-07,-2.673784536000312e-07,0.0,-4.1729941813173355e-07,0.17799781262874603,0.9840309023857117,0.0,-8.048255040193908e-07,0.9840309023857117,-0.17799770832061768,0.0,1.4270196579957428e-08,0.9701831936836243,-0.04725363850593567,1.0]}},{"@class":"BoneInfo","index":1,"offset":{"values":[0.13841331005096436,-0.9096472263336182,-0.39164188504219055,0.0,-0.9828407168388367,-0.07747974991798401,-0.16739515960216522,0.0,0.12192615121603012,0.408091276884079,-0.9047626256942749,0.0,-0.006598862819373608,0.3832567036151886,-0.8925015330314636,1.0]}},{"@class":"BoneInfo","index":2,"offset":{"values":[-0.05495539680123329,-0.9171686172485352,-0.39469125866889954,0.0,-0.9779960513114929,0.12911774218082428,-0.1638660877943039,0.0,0.20125436782836914,0.3770012855529785,-0.9040831923484802,0.0,0.026414839550852776,0.17236964404582977,-0.8919895887374878,0.9999998807907104]}},{"@class":"BoneInfo","index":3,"offset":{"values":[0.13921745121479034,-0.9329900741577148,-0.3318853974342346,0.0,-0.978825032711029,-0.07886083424091339,-0.18889974057674408,0.0,0.1500687301158905,0.3511557877063751,-0.9242128133773804,0.0,0.08557965606451035,-0.21364887058734894,-0.8779799938201904,1.0]}},{"@class":"BoneInfo","index":4,"offset":{"values":[0.14784424006938934,-0.7954541444778442,-0.5877031683921814,0.0,-0.9783055782318115,-0.03042735904455185,-0.20492181181907654,0.0,0.14512351155281067,0.6052496433258057,-0.782695472240448,0.0,0.09024599194526672,-0.33739954233169556,-1.0195480585098267,1.0]}},{"@class":"BoneInfo","index":5,"offset":{"values":[0.34399324655532837,-0.7446550130844116,-0.5719766616821289,0.0,-0.9382846355438232,-0.29591643810272217,-0.17904192209243774,0.0,-0.03593286871910095,0.5982658863067627,-0.800491452217102,0.0,0.1524481326341629,-0.494662880897522,-1.0132358074188232,1.0]}},{"@class":"BoneInfo","index":6,"offset":{"values":[0.3529633581638336,-0.7229490280151367,-0.5939371585845947,0.0,-0.934712290763855,-0.3006804287433624,-0.18948547542095184,0.0,-0.04159703850746155,0.622041642665863,-0.781878650188446,0.0,0.15968455374240875,-0.5057376027107239,-1.0289937257766724,0.9999999403953552]}},{"@class":"BoneInfo","index":7,"offset":{"values":[0.3117629885673523,-0.7185537219047546,-0.6216785311698914,0.0,-0.9501463174819946,-0.23931509256362915,-0.19987744092941284,0.0,-0.005154415965080261,0.6529998183250427,-0.7573406100273132,0.0,0.12923488020896912,-0.5168074369430542,-1.0494962930679321,1.0]}},{"@class":"BoneInfo","index":8,"offset":{"values":[0.125318706035614,-0.8199359178543091,-0.558569610118866,0.0,-0.9806767702102661,-0.01712299883365631,-0.19488579034805298,0.0,0.15022940933704376,0.5721989870071411,-0.8062378168106079,0.0,0.060660310089588165,-0.536245584487915,-1.002720832824707,1.0]}},{"@class":"BoneInfo","index":9,"offset":{"values":[0.06419456005096436,-0.8283441662788391,-0.5565293431282043,0.0,-0.9794705510139465,0.05449060723185539,-0.19408419728279114,0.0,0.1910940259695053,0.557563304901123,-0.8078407049179077,0.0,0.015966134145855904,-0.598311722278595,-1.0012203454971313,1.0000001192092896]}},{"@class":"BoneInfo","index":10,"offset":{"values":[0.053030118346214294,-0.8244280219078064,-0.5634765625,0.0,-0.9786339402198792,0.06934700161218643,-0.19356372952461243,0.0,0.1986546814441681,0.5617020130157471,-0.8031359314918518,0.0,0.007373304106295109,-0.6318973302841187,-1.0065672397613525,0.9999998807907104]}},{"@class":"BoneInfo","index":11,"offset":{"values":[0.0011215017875656486,-0.8491312861442566,-0.5281805992126465,0.0,-0.9580051898956299,0.15054364502429962,-0.24405592679977417,0.0,0.28674963116645813,0.5062733292579651,-0.8133032321929932,0.0,0.04323553293943405,-0.5787397027015686,-0.979809045791626,1.0000001192092896]}},{"@class":"BoneInfo","index":12,"offset":{"values":[0.0008878260268829763,-0.8225420713424683,-0.5687033534049988,0.0,-0.9581573009490967,0.16208717226982117,-0.23592981696128845,0.0,0.2862416207790375,0.545116662979126,-0.7879806756973267,0.0,0.04272487759590149,-0.5820509195327759,-1.0092209577560425,1.0]}},{"@class":"BoneInfo","index":13,"offset":{"values":[0.013361403718590736,-0.8551569581031799,-0.518196702003479,0.0,-0.9603539705276489,0.1333502233028412,-0.24482397735118866,0.0,0.27846452593803406,0.5009231567382813,-0.8194714784622192,0.0,0.05232743173837662,-0.6752133369445801,-0.9703391790390015,1.0]}},{"@class":"BoneInfo","index":14,"offset":{"values":[-0.28203514218330383,-0.8332111239433289,-0.47562098503112793,0.0,-0.9438914060592651,0.32976680994033813,-0.01798635721206665,0.0,0.17183031141757965,0.4438616633415222,-0.8794664144515991,0.0,-0.2705310881137848,-0.5691829323768616,-0.9339048862457275,1.0000001192092896]}},{"@class":"BoneInfo","index":15,"offset":{"values":[-0.29041171073913574,-0.7894587516784668,-0.5407547354698181,0.0,-0.931753933429718,0.36200252175331116,-0.028097428381443024,0.0,0.21793627738952637,0.4956904649734497,-0.8407108783721924,0.0,-0.25489720702171326,-0.5318935513496399,-0.9817723035812378,1.0]}},{"@class":"BoneInfo","index":16,"offset":{"values":[-0.23886875808238983,-0.8069020509719849,-0.5402316451072693,0.0,-0.946097731590271,0.3187016248703003,-0.057693324983119965,0.0,0.21872550249099731,0.4973307251930237,-0.8395362496376038,0.0,-0.20123900473117828,-0.5844990015029907,-0.9824463129043579,0.9999998807907104]}},{"@class":"BoneInfo","index":17,"offset":{"values":[0.7120615839958191,-0.2958904802799225,-0.6367234587669373,0.0,-0.6257473826408386,-0.6787521839141846,-0.3843649625778198,0.0,-0.3184473514556885,0.6721193790435791,-0.6684660315513611,0.0,0.3515225052833557,0.004282087087631226,-1.021470546722412,1.0000001192092896]}},{"@class":"BoneInfo","index":18,"offset":{"values":[0.7010539770126343,-0.26945486664772034,-0.6602402329444885,0.0,-0.6530607342720032,-0.6144646406173706,-0.4426571726799011,0.0,-0.28641819953918457,0.7415032386779785,-0.6067433953285217,0.0,0.35303306579589844,0.025274280458688736,-1.021835446357727,1.0]}},{"@class":"BoneInfo","index":19,"offset":{"values":[0.705193042755127,-0.3649245798587799,-0.6078920960426331,0.0,-0.6485639214515686,-0.6784307360649109,-0.3451049327850342,0.0,-0.28647536039352417,0.6376221179962158,-0.7151015996932983,0.0,0.357906699180603,-0.17859317362308502,-1.0046415328979492,1.0]}},{"@class":"BoneInfo","index":20,"offset":{"values":[-0.32811102271080017,0.937458336353302,0.116255022585392,0.0,0.05421382188796997,-0.10417787730693817,0.9930801391601563,0.0,0.9430822730064392,0.332143098115921,-0.016641154885292053,0.0,0.9151253700256348,0.30674031376838684,0.10929086804389954,1.0]}},{"@class":"BoneInfo","index":21,"offset":{"values":[-0.3538398742675781,0.9352218508720398,0.012565819546580315,0.0,0.11958803236484528,0.03191308677196503,0.9923107028007507,0.0,0.9276294112205505,0.352621853351593,-0.12313329428434372,0.0,0.9158614277839661,0.14123031497001648,0.03370543196797371,1.0]}},{"@class":"BoneInfo","index":22,"offset":{"values":[-0.31768664717674255,0.9353476166725159,0.15556438267230988,0.0,0.18005172908306122,-0.10157087445259094,0.9783992767333984,0.0,0.9309440851211548,0.33883407711982727,-0.13614310324192047,0.0,0.9083703756332397,-0.22509557008743286,-0.050799284130334854,1.0]}},{"@class":"BoneInfo","index":23,"offset":{"values":[0.3124556541442871,0.6621167063713074,0.6811553835868835,0.0,-0.21179823577404022,0.7475642561912537,-0.6295149326324463,0.0,-0.9260197877883911,0.05242812633514404,0.3738159239292145,0.0,-0.9062358140945435,-0.46440589427948,-0.5418626070022583,1.0]}},{"@class":"BoneInfo","index":24,"offset":{"values":[0.17359031736850739,0.04689405858516693,0.9837011098861694,0.0,-0.08493931591510773,0.9958565831184387,-0.032484546303749084,0.0,-0.9811483025550842,-0.07791577279567719,0.17685431241989136,0.0,-0.7831353545188904,-0.021750271320343018,-0.9360027313232422,1.0]}},{"@class":"BoneInfo","index":25,"offset":{"values":[-1.0,-5.323644813870487e-08,-4.703012018580921e-05,0.0,-8.818408787192311e-06,-0.9820506572723389,0.18861734867095947,0.0,-4.619600440491922e-05,0.1886170655488968,0.9820505976676941,0.0,-0.07432844489812851,-0.1201619803905487,0.7545413970947266,1.0]}},{"@class":"BoneInfo","index":26,"offset":{"values":[-1.0,-8.009027396838064e-07,-4.670331327361055e-05,0.0,-3.62273131031543e-05,-0.6178625822067261,0.7862862348556519,0.0,-2.9485972845577635e-05,0.7862859964370728,0.6178627014160156,0.0,-0.07432374358177185,0.39500683546066284,0.6522253751754761,1.0]}},{"@class":"BoneInfo","index":27,"offset":{"values":[-1.0,2.9355544484133134e-07,-4.6783286961726844e-05,0.0,2.1438485418912023e-05,-0.8859348297119141,-0.4638102054595947,0.0,-4.158308729529381e-05,-0.4638102054595947,0.8859347105026245,0.0,-0.07431716471910477,-0.5739084482192993,0.5137166380882263,1.0]}},{"@class":"BoneInfo","index":28,"offset":{"values":[-0.5348272323608398,-0.7758669853210449,-0.3346487879753113,0.0,-0.8409616351127625,0.45027875900268555,0.30005404353141785,0.0,-0.0821167528629303,0.4419039785861969,-0.8932958245277405,0.0,-0.3327499330043793,0.414646178483963,-0.520707905292511,0.9999997615814209]}},{"@class":"BoneInfo","index":29,"offset":{"values":[0.42225536704063416,-0.9055684804916382,-0.0405723936855793,0.0,0.8825119733810425,0.4004562795162201,0.24659116566181183,0.0,-0.20705759525299072,-0.13993000984191895,0.9682698249816895,0.0,0.14954522252082825,-0.0677107572555542,0.8248937726020813,0.9999998807907104]}},{"@class":"BoneInfo","index":30,"offset":{"values":[0.48387694358825684,-0.8366342782974243,0.256721556186676,0.0,0.8523043394088745,0.5170905590057373,0.07870554178953171,0.0,-0.19859600067138672,0.18072114884853363,0.9632753133773804,0.0,0.15947537124156952,0.292874276638031,0.9017993211746216,1.0000001192092896]}},{"@class":"BoneInfo","index":31,"offset":{"values":[-1.0,-5.32523642959859e-08,4.5299628254724666e-05,0.0,8.596585757914e-06,-0.9820506572723389,0.18861734867095947,0.0,4.447649553185329e-05,0.1886170655488968,0.9820505976676941,0.0,0.07432844489812851,-0.1201619952917099,0.7545413970947266,1.0]}},{"@class":"BoneInfo","index":32,"offset":{"values":[-1.0,-8.009100156414206e-07,4.5453427446773276e-05,0.0,3.623425436671823e-05,-0.6178625822067261,0.7862862348556519,0.0,2.745423262240365e-05,0.7862859964370728,0.6178627014160156,0.0,0.07432358711957932,0.39500683546066284,0.6522253751754761,1.0]}},{"@class":"BoneInfo","index":33,"offset":{"values":[-1.0,2.9357545372477034e-07,4.5373431930784136e-05,0.0,-2.1304738766048104e-05,-0.8859348297119141,-0.4638102054595947,0.0,4.006173548987135e-05,-0.4638102054595947,0.8859347105026245,0.0,0.07431740313768387,-0.5739085078239441,0.5137165784835815,1.0]}},{"@class":"BoneInfo","index":34,"offset":{"values":[-0.5348280668258667,0.7758662104606628,0.3346502482891083,0.0,0.8409613370895386,0.45027950406074524,0.30005407333374023,0.0,0.08211573958396912,0.44190526008605957,-0.8932955265045166,0.0,0.3327498733997345,0.41464632749557495,-0.5207080841064453,1.0]}},{"@class":"BoneInfo","index":35,"offset":{"values":[-0.35205936431884766,-0.6208651661872864,0.700414776802063,0.0,0.9106309413909912,-0.4001794159412384,0.10299446433782578,0.0,0.21634596586227417,0.6740797162055969,0.7062658071517944,0.0,0.4287250339984894,0.4526333212852478,0.42524027824401855,1.0]}},{"@class":"BoneInfo","index":36,"offset":{"values":[0.4222552180290222,0.905568540096283,0.04057065770030022,0.0,-0.8825119137763977,0.4004565477371216,0.2465912103652954,0.0,0.20705842971801758,-0.13992846012115479,0.9682700634002686,0.0,-0.14954516291618347,-0.06771072745323181,0.8248938918113708,0.9999999403953552]}},{"@class":"BoneInfo","index":37,"offset":{"values":[0.4838765859603882,0.8366340398788452,-0.2567230761051178,0.0,-0.8523043990135193,0.5170905590057373,0.07870544493198395,0.0,0.19859662652015686,0.1807226538658142,0.9632748961448669,0.0,-0.15947562456130981,0.2928743064403534,0.9017992615699768,1.0]}},{"@class":"BoneInfo","index":38,"offset":{"values":[0.9989982843399048,4.2515830500633456e-07,0.04474790766835213,0.0,-0.01694602705538273,-0.9255157709121704,0.3783295154571533,0.0,0.04141506925225258,-0.3787088096141815,-0.924588680267334,0.0,0.033365748822689056,-0.4257173240184784,-0.744903564453125,1.0]}},{"@class":"BoneInfo","index":39,"offset":{"values":[-0.43507951498031616,0.8978978991508484,0.06697579473257065,0.0,-0.8037517070770264,-0.42083218693733215,0.4205753207206726,0.0,0.4058190882205963,0.12915174663066864,0.9047821164131165,0.0,0.05359610542654991,0.016945350915193558,0.9762495160102844,1.0]}},{"@class":"BoneInfo","index":40,"offset":{"values":[-0.43507903814315796,-0.8978981971740723,-0.06697740405797958,0.0,0.8037517070770264,-0.42083245515823364,0.4205753803253174,0.0,-0.4058198928833008,0.12915024161338806,0.904782235622406,0.0,-0.053596124053001404,0.016945382580161095,0.9762497544288635,1.0]}},{"@class":"BoneInfo","index":41,"offset":{"values":[-0.4317386746406555,0.8969871997833252,0.09495186060667038,0.0,-0.7958678007125854,-0.42836377024650574,0.42790061235427856,0.0,0.4244951903820038,0.10917201638221741,0.8988243937492371,0.0,0.06012639030814171,-0.013614686205983162,0.9452764987945557,1.0000001192092896]}},{"@class":"BoneInfo","index":42,"offset":{"values":[-0.4317379891872406,-0.8969871401786804,-0.09495347738265991,0.0,0.7958676815032959,-0.4283638596534729,0.4279005527496338,0.0,-0.4244959056377411,0.10917039960622787,0.8988240957260132,0.0,-0.0601264089345932,-0.013614709489047527,0.9452763199806213,1.0]}},{"@class":"BoneInfo","index":43,"offset":{"values":[-0.35205888748168945,0.6208638548851013,-0.700416088104248,0.0,-0.9106311798095703,-0.4001794755458832,0.10299438238143921,0.0,-0.2163466513156891,0.6740809082984924,0.7062646150588989,0.0,-0.42872512340545654,0.4526333808898926,0.4252401888370514,1.0]}}],"id":{"uuid":"341AF972-D355-42D7-8029-24A15A3595D2"}}