{"@class":"BaseSkinController","id":{"uuid":"341AF972-D355-42D7-8029-24A15A3595D2"},"boneInfoCollection":[{"@class":"BoneInfo","index":0,"offset":{"values":[-1.0,-8.662515824653383e-7,-2.673784536000312e-7,0.0,-4.1729941813173357e-7,0.17799781262874604,0.9840309023857117,0.0,-8.048255040193908e-7,0.9840309023857117,-0.17799770832061768,0.0,1.4270196579957429e-8,0.9701831936836243,-0.04725363850593567,1.0]}},{"@class":"BoneInfo","index":1,"offset":{"values":[0.13841331005096436,-0.9096472263336182,-0.39164188504219057,0.0,-0.9828407168388367,-0.07747974991798401,-0.16739515960216523,0.0,0.12192615121603012,0.408091276884079,-0.9047626256942749,0.0,-0.006598862819373608,0.3832567036151886,-0.8925015330314636,1.0]}},{"@class":"BoneInfo","index":2,"offset":{"values":[-0.05495539680123329,-0.9171686172485352,-0.39469125866889956,0.0,-0.9779960513114929,0.12911774218082429,-0.1638660877943039,0.0,0.20125436782836915,0.3770012855529785,-0.9040831923484802,0.0,0.026414839550852777,0.17236964404582978,-0.8919895887374878,0.9999998807907105]}},{"@class":"BoneInfo","index":3,"offset":{"values":[0.13921745121479035,-0.9329900741577148,-0.3318853974342346,0.0,-0.978825032711029,-0.07886083424091339,-0.18889974057674409,0.0,0.1500687301158905,0.3511557877063751,-0.9242128133773804,0.0,0.08557965606451035,-0.21364887058734895,-0.8779799938201904,1.0]}},{"@class":"BoneInfo","index":4,"offset":{"values":[0.14784424006938935,-0.7954541444778442,-0.5877031683921814,0.0,-0.9783055782318115,-0.03042735904455185,-0.20492181181907655,0.0,0.14512351155281068,0.6052496433258057,-0.782695472240448,0.0,0.09024599194526673,-0.33739954233169558,-1.0195480585098267,1.0]}},{"@class":"BoneInfo","index":5,"offset":{"values":[0.34399324655532839,-0.7446550130844116,-0.5719766616821289,0.0,-0.9382846355438232,-0.29591643810272219,-0.17904192209243775,0.0,-0.03593286871910095,0.5982658863067627,-0.800491452217102,0.0,0.1524481326341629,-0.494662880897522,-1.0132358074188233,1.0]}},{"@class":"BoneInfo","index":6,"offset":{"values":[0.3529633581638336,-0.7229490280151367,-0.5939371585845947,0.0,-0.934712290763855,-0.3006804287433624,-0.18948547542095185,0.0,-0.04159703850746155,0.622041642665863,-0.781878650188446,0.0,0.15968455374240876,-0.5057376027107239,-1.0289937257766724,0.9999999403953552]}},{"@class":"BoneInfo","index":7,"offset":{"values":[0.3117629885673523,-0.7185537219047546,-0.6216785311698914,0.0,-0.9501463174819946,-0.23931509256362916,-0.19987744092941285,0.0,-0.005154415965080261,0.6529998183250427,-0.7573406100273132,0.0,0.12923488020896913,-0.5168074369430542,-1.0494962930679322,1.0]}},{"@class":"BoneInfo","index":8,"offset":{"values":[0.125318706035614,-0.8199359178543091,-0.558569610118866,0.0,-0.9806767702102661,-0.01712299883365631,-0.19488579034805299,0.0,0.15022940933704377,0.5721989870071411,-0.8062378168106079,0.0,0.060660310089588168,-0.536245584487915,-1.002720832824707,1.0]}},{"@class":"BoneInfo","index":9,"offset":{"values":[0.06419456005096436,-0.8283441662788391,-0.5565293431282044,0.0,-0.9794705510139465,0.05449060723185539,-0.19408419728279115,0.0,0.1910940259695053,0.557563304901123,-0.8078407049179077,0.0,0.015966134145855905,-0.598311722278595,-1.0012203454971314,1.0000001192092896]}},{"@class":"BoneInfo","index":10,"offset":{"values":[0.053030118346214297,-0.8244280219078064,-0.5634765625,0.0,-0.9786339402198792,0.06934700161218643,-0.19356372952461244,0.0,0.1986546814441681,0.5617020130157471,-0.8031359314918518,0.0,0.007373304106295109,-0.6318973302841187,-1.0065672397613526,0.9999998807907105]}},{"@class":"BoneInfo","index":11,"offset":{"values":[0.0011215017875656486,-0.8491312861442566,-0.5281805992126465,0.0,-0.9580051898956299,0.15054364502429963,-0.24405592679977418,0.0,0.28674963116645815,0.5062733292579651,-0.8133032321929932,0.0,0.04323553293943405,-0.5787397027015686,-0.979809045791626,1.0000001192092896]}},{"@class":"BoneInfo","index":12,"offset":{"values":[0.0008878260268829763,-0.8225420713424683,-0.5687033534049988,0.0,-0.9581573009490967,0.16208717226982118,-0.23592981696128846,0.0,0.2862416207790375,0.545116662979126,-0.7879806756973267,0.0,0.04272487759590149,-0.5820509195327759,-1.0092209577560425,1.0]}},{"@class":"BoneInfo","index":13,"offset":{"values":[0.013361403718590737,-0.8551569581031799,-0.518196702003479,0.0,-0.9603539705276489,0.1333502233028412,-0.24482397735118867,0.0,0.27846452593803408,0.5009231567382813,-0.8194714784622192,0.0,0.05232743173837662,-0.6752133369445801,-0.9703391790390015,1.0]}},{"@class":"BoneInfo","index":14,"offset":{"values":[-0.28203514218330386,-0.8332111239433289,-0.47562098503112795,0.0,-0.9438914060592651,0.32976680994033816,-0.01798635721206665,0.0,0.17183031141757966,0.4438616633415222,-0.8794664144515991,0.0,-0.2705310881137848,-0.5691829323768616,-0.9339048862457275,1.0000001192092896]}},{"@class":"BoneInfo","index":15,"offset":{"values":[-0.29041171073913576,-0.7894587516784668,-0.5407547354698181,0.0,-0.931753933429718,0.36200252175331118,-0.028097428381443025,0.0,0.21793627738952638,0.4956904649734497,-0.8407108783721924,0.0,-0.25489720702171328,-0.5318935513496399,-0.9817723035812378,1.0]}},{"@class":"BoneInfo","index":16,"offset":{"values":[-0.23886875808238984,-0.8069020509719849,-0.5402316451072693,0.0,-0.946097731590271,0.3187016248703003,-0.057693324983119968,0.0,0.21872550249099732,0.4973307251930237,-0.8395362496376038,0.0,-0.20123900473117829,-0.5844990015029907,-0.9824463129043579,0.9999998807907105]}},{"@class":"BoneInfo","index":17,"offset":{"values":[0.7120615839958191,-0.2958904802799225,-0.6367234587669373,0.0,-0.6257473826408386,-0.6787521839141846,-0.3843649625778198,0.0,-0.3184473514556885,0.6721193790435791,-0.6684660315513611,0.0,0.3515225052833557,0.004282087087631226,-1.021470546722412,1.0000001192092896]}},{"@class":"BoneInfo","index":18,"offset":{"values":[0.7010539770126343,-0.26945486664772036,-0.6602402329444885,0.0,-0.6530607342720032,-0.6144646406173706,-0.4426571726799011,0.0,-0.28641819953918459,0.7415032386779785,-0.6067433953285217,0.0,0.35303306579589846,0.025274280458688737,-1.021835446357727,1.0]}},{"@class":"BoneInfo","index":19,"offset":{"values":[0.705193042755127,-0.3649245798587799,-0.6078920960426331,0.0,-0.6485639214515686,-0.6784307360649109,-0.3451049327850342,0.0,-0.28647536039352419,0.6376221179962158,-0.7151015996932983,0.0,0.357906699180603,-0.17859317362308503,-1.0046415328979493,1.0]}},{"@class":"BoneInfo","index":20,"offset":{"values":[-0.32811102271080019,0.937458336353302,0.116255022585392,0.0,0.05421382188796997,-0.10417787730693817,0.9930801391601563,0.0,0.9430822730064392,0.332143098115921,-0.016641154885292054,0.0,0.9151253700256348,0.30674031376838686,0.10929086804389954,1.0]}},{"@class":"BoneInfo","index":21,"offset":{"values":[-0.3538398742675781,0.9352218508720398,0.012565819546580315,0.0,0.11958803236484528,0.03191308677196503,0.9923107028007507,0.0,0.9276294112205505,0.352621853351593,-0.12313329428434372,0.0,0.9158614277839661,0.14123031497001649,0.03370543196797371,1.0]}},{"@class":"BoneInfo","index":22,"offset":{"values":[-0.31768664717674258,0.9353476166725159,0.15556438267230988,0.0,0.18005172908306123,-0.10157087445259094,0.9783992767333984,0.0,0.9309440851211548,0.33883407711982729,-0.13614310324192048,0.0,0.9083703756332398,-0.22509557008743287,-0.050799284130334857,1.0]}},{"@class":"BoneInfo","index":23,"offset":{"values":[0.3124556541442871,0.6621167063713074,0.6811553835868836,0.0,-0.21179823577404023,0.7475642561912537,-0.6295149326324463,0.0,-0.9260197877883911,0.05242812633514404,0.3738159239292145,0.0,-0.9062358140945435,-0.46440589427948,-0.5418626070022583,1.0]}},{"@class":"BoneInfo","index":24,"offset":{"values":[0.17359031736850739,0.04689405858516693,0.9837011098861694,0.0,-0.08493931591510773,0.9958565831184387,-0.032484546303749087,0.0,-0.9811483025550842,-0.07791577279567719,0.17685431241989137,0.0,-0.7831353545188904,-0.021750271320343019,-0.9360027313232422,1.0]}},{"@class":"BoneInfo","index":25,"offset":{"values":[-1.0,-5.323644813870487e-8,-0.00004703012018580921,0.0,-0.000008818408787192311,-0.9820506572723389,0.18861734867095948,0.0,-0.00004619600440491922,0.1886170655488968,0.9820505976676941,0.0,-0.07432844489812851,-0.1201619803905487,0.7545413970947266,1.0]}},{"@class":"BoneInfo","index":26,"offset":{"values":[-1.0,-8.009027396838064e-7,-0.00004670331327361055,0.0,-0.0000362273131031543,-0.6178625822067261,0.7862862348556519,0.0,-0.000029485972845577636,0.7862859964370728,0.6178627014160156,0.0,-0.07432374358177185,0.39500683546066286,0.6522253751754761,1.0]}},{"@class":"BoneInfo","index":27,"offset":{"values":[-1.0,2.9355544484133136e-7,-0.000046783286961726847,0.0,0.000021438485418912024,-0.8859348297119141,-0.4638102054595947,0.0,-0.00004158308729529381,-0.4638102054595947,0.8859347105026245,0.0,-0.07431716471910477,-0.5739084482192993,0.5137166380882263,1.0]}},{"@class":"BoneInfo","index":28,"offset":{"values":[-0.5348272323608398,-0.7758669853210449,-0.3346487879753113,0.0,-0.8409616351127625,0.45027875900268557,0.30005404353141787,0.0,-0.0821167528629303,0.4419039785861969,-0.8932958245277405,0.0,-0.3327499330043793,0.414646178483963,-0.520707905292511,0.9999997615814209]}},{"@class":"BoneInfo","index":29,"offset":{"values":[0.42225536704063418,-0.9055684804916382,-0.0405723936855793,0.0,0.8825119733810425,0.4004562795162201,0.24659116566181184,0.0,-0.20705759525299073,-0.13993000984191895,0.9682698249816895,0.0,0.14954522252082826,-0.0677107572555542,0.8248937726020813,0.9999998807907105]}},{"@class":"BoneInfo","index":30,"offset":{"values":[0.48387694358825686,-0.8366342782974243,0.256721556186676,0.0,0.8523043394088745,0.5170905590057373,0.07870554178953171,0.0,-0.19859600067138673,0.18072114884853364,0.9632753133773804,0.0,0.15947537124156953,0.292874276638031,0.9017993211746216,1.0000001192092896]}},{"@class":"BoneInfo","index":31,"offset":{"values":[-1.0,-5.32523642959859e-8,0.000045299628254724669,0.0,0.000008596585757914,-0.9820506572723389,0.18861734867095948,0.0,0.00004447649553185329,0.1886170655488968,0.9820505976676941,0.0,0.07432844489812851,-0.1201619952917099,0.7545413970947266,1.0]}},{"@class":"BoneInfo","index":32,"offset":{"values":[-1.0,-8.009100156414206e-7,0.000045453427446773279,0.0,0.00003623425436671823,-0.6178625822067261,0.7862862348556519,0.0,0.00002745423262240365,0.7862859964370728,0.6178627014160156,0.0,0.07432358711957932,0.39500683546066286,0.6522253751754761,1.0]}},{"@class":"BoneInfo","index":33,"offset":{"values":[-1.0,2.9357545372477036e-7,0.000045373431930784139,0.0,-0.000021304738766048105,-0.8859348297119141,-0.4638102054595947,0.0,0.00004006173548987135,-0.4638102054595947,0.8859347105026245,0.0,0.07431740313768387,-0.5739085078239441,0.5137165784835815,1.0]}},{"@class":"BoneInfo","index":34,"offset":{"values":[-0.5348280668258667,0.7758662104606628,0.3346502482891083,0.0,0.8409613370895386,0.45027950406074526,0.30005407333374026,0.0,0.08211573958396912,0.44190526008605959,-0.8932955265045166,0.0,0.3327498733997345,0.41464632749557497,-0.5207080841064453,1.0]}},{"@class":"BoneInfo","index":35,"offset":{"values":[-0.35205936431884768,-0.6208651661872864,0.700414776802063,0.0,0.9106309413909912,-0.4001794159412384,0.10299446433782578,0.0,0.21634596586227418,0.6740797162055969,0.7062658071517944,0.0,0.4287250339984894,0.4526333212852478,0.42524027824401858,1.0]}},{"@class":"BoneInfo","index":36,"offset":{"values":[0.4222552180290222,0.905568540096283,0.04057065770030022,0.0,-0.8825119137763977,0.4004565477371216,0.2465912103652954,0.0,0.20705842971801759,-0.13992846012115479,0.9682700634002686,0.0,-0.14954516291618348,-0.06771072745323181,0.8248938918113709,0.9999999403953552]}},{"@class":"BoneInfo","index":37,"offset":{"values":[0.4838765859603882,0.8366340398788452,-0.2567230761051178,0.0,-0.8523043990135193,0.5170905590057373,0.07870544493198395,0.0,0.19859662652015687,0.1807226538658142,0.9632748961448669,0.0,-0.15947562456130982,0.2928743064403534,0.9017992615699768,1.0]}},{"@class":"BoneInfo","index":38,"offset":{"values":[0.9989982843399048,4.2515830500633458e-7,0.04474790766835213,0.0,-0.01694602705538273,-0.9255157709121704,0.3783295154571533,0.0,0.04141506925225258,-0.3787088096141815,-0.924588680267334,0.0,0.033365748822689059,-0.4257173240184784,-0.744903564453125,1.0]}},{"@class":"BoneInfo","index":39,"offset":{"values":[-0.43507951498031618,0.8978978991508484,0.06697579473257065,0.0,-0.8037517070770264,-0.42083218693733218,0.4205753207206726,0.0,0.4058190882205963,0.12915174663066865,0.9047821164131165,0.0,0.05359610542654991,0.016945350915193559,0.9762495160102844,1.0]}},{"@class":"BoneInfo","index":40,"offset":{"values":[-0.43507903814315798,-0.8978981971740723,-0.06697740405797959,0.0,0.8037517070770264,-0.42083245515823367,0.4205753803253174,0.0,-0.4058198928833008,0.12915024161338807,0.904782235622406,0.0,-0.053596124053001407,0.016945382580161096,0.9762497544288635,1.0]}},{"@class":"BoneInfo","index":41,"offset":{"values":[-0.4317386746406555,0.8969871997833252,0.09495186060667038,0.0,-0.7958678007125855,-0.42836377024650576,0.42790061235427859,0.0,0.4244951903820038,0.10917201638221741,0.8988243937492371,0.0,0.06012639030814171,-0.013614686205983162,0.9452764987945557,1.0000001192092896]}},{"@class":"BoneInfo","index":42,"offset":{"values":[-0.4317379891872406,-0.8969871401786804,-0.09495347738265991,0.0,0.7958676815032959,-0.4283638596534729,0.4279005527496338,0.0,-0.4244959056377411,0.10917039960622788,0.8988240957260132,0.0,-0.0601264089345932,-0.013614709489047528,0.9452763199806213,1.0]}},{"@class":"BoneInfo","index":43,"offset":{"values":[-0.35205888748168948,0.6208638548851013,-0.700416088104248,0.0,-0.9106311798095703,-0.4001794755458832,0.10299438238143921,0.0,-0.2163466513156891,0.6740809082984924,0.7062646150588989,0.0,-0.42872512340545657,0.4526333808898926,0.4252401888370514,1.0]}}]}