{"@class":"BaseSkinController","id":{"uuid":"3C1E43A6-FA95-4C9D-8D2C-BA8B7E9FE357"},"boneInfoCollection":[{"@class":"BoneInfo","index":0,"offset":{"values":[1.0,-3.5609963333627095e-7,0.0000025351816930196948,0.0,0.000002535181465646019,-1.6292081284063898e-7,-1.0,0.0,3.561000596619124e-7,1.0,-1.5099490724423959e-7,0.0,-0.7979463338851929,0.06418411433696747,-1.4579699039459229,1.0]}},{"@class":"BoneInfo","index":1,"offset":{"values":[1.0,7.021465364687174e-8,-0.000001636497813706228,0.0,2.2022578605174204e-7,0.9842466711997986,0.17680102586746217,0.0,0.0000016231314248216223,-0.17680108547210694,0.9842467308044434,0.0,-0.7979499101638794,0.5474261045455933,0.0887167751789093,1.0]}},{"@class":"BoneInfo","index":2,"offset":{"values":[-0.9967734217643738,0.08017854392528534,-0.003653997555375099,0.0,-0.08010563999414444,-0.9966408014297485,-0.017029376700520517,0.0,-0.005005365703254938,-0.01668216474354267,0.999846339225769,0.0,0.8751909136772156,-0.5244883894920349,-0.00014676153659820557,0.9999998807907105]}},{"@class":"BoneInfo","index":3,"offset":{"values":[-0.9956442713737488,0.08775973320007324,-0.03146734833717346,0.0,-0.08553764969110489,-0.994138777256012,-0.06611549109220505,0.0,-0.03708339110016823,-0.06313628703355789,0.9973137378692627,0.0,0.8687900304794312,-0.9893291592597961,-0.01840905100107193,1.0]}},{"@class":"BoneInfo","index":4,"offset":{"values":[-0.9798694252967835,0.06050823628902435,-0.1902480274438858,0.0,-0.19532448053359986,-0.48761436343193056,0.8509292602539063,0.0,-0.041277702897787097,0.8709579110145569,0.4896169900894165,0.0,0.7060329914093018,-0.6786526441574097,1.3465957641601563,1.0000001192092896]}},{"@class":"BoneInfo","index":5,"offset":{"values":[-0.9752998352050781,0.14110344648361207,-0.16994038224220277,0.0,-0.18450118601322175,-0.09739641845226288,0.9779945611953735,0.0,0.12144825607538223,0.9851901531219482,0.12102489918470383,0.0,0.6994768977165222,-0.38447391986846926,1.5461339950561524,1.0]}},{"@class":"BoneInfo","index":6,"offset":{"values":[-0.9967739582061768,-0.08017241954803467,0.003638486610725522,0.0,0.08009998500347138,-0.9966421127319336,-0.016987042501568795,0.0,0.004986296407878399,-0.016641370952129365,0.9998471140861511,0.0,0.7155575752258301,-0.39653629064559939,-0.005948361940681934,1.0]}},{"@class":"BoneInfo","index":7,"offset":{"values":[-0.995644211769104,-0.08776692301034928,0.03144221007823944,0.0,0.08554492145776749,-0.9941355586051941,-0.06615535169839859,0.0,0.037062156945466998,-0.06317797303199768,0.9973115921020508,0.0,0.7201671004295349,-0.8492661118507385,-0.0686667412519455,1.0]}},{"@class":"BoneInfo","index":8,"offset":{"values":[-0.9798691272735596,-0.06051940470933914,0.19024422764778138,0.0,0.1953250765800476,-0.4876481294631958,0.8509095907211304,0.0,0.041273873299360278,0.8709377646446228,0.48965218663215639,0.0,0.8577406406402588,-0.5821273922920227,1.042955994606018,1.0]}},{"@class":"BoneInfo","index":9,"offset":{"values":[-0.9752953052520752,-0.14111162722110749,0.16995662450790406,0.0,0.18452362716197968,-0.09743854403495789,0.9779857993125916,0.0,-0.12144646793603897,0.9851841926574707,0.12107030302286148,0.0,0.8570319414138794,-0.15934135019779206,1.274906039237976,0.9999998807907105]}},{"@class":"BoneInfo","index":10,"offset":{"values":[1.0000001192092896,3.7097951377518258e-9,-0.0000017569684587215307,0.0,-6.29489207426559e-8,0.9994316101074219,-0.03371788188815117,0.0,0.0000017558442095833016,0.03371782228350639,0.9994316697120667,0.0,-0.7979501485824585,0.3517928123474121,0.015219047665596009,1.0]}},{"@class":"BoneInfo","index":11,"offset":{"values":[1.0000001192092896,1.259797386410355e-7,-0.000001623996013222495,0.0,3.5437486189948688e-7,0.9562975764274597,0.29239556193351748,0.0,0.0000015898589253993123,-0.29239556193351748,0.9562976360321045,0.0,-0.7979499697685242,0.252480149269104,0.10269853472709656,1.0]}},{"@class":"BoneInfo","index":12,"offset":{"values":[1.0,-7.906515264721748e-8,-0.0000014225720406102483,0.0,7.977082105981026e-8,1.0,0.0004960895166732371,0.0,0.0000014225327049643966,-0.0004961193189956248,0.9999999403953552,0.0,-0.7979499101638794,0.1327141523361206,0.06686899065971375,1.0]}},{"@class":"BoneInfo","index":13,"offset":{"values":[0.018691953271627427,-0.9984856247901917,0.05174027383327484,0.0,0.9869406223297119,0.026707494631409646,0.15885575115680695,0.0,-0.15999700129032136,0.04809526354074478,0.9859452247619629,0.0,-0.04978930950164795,0.7594854235649109,-0.016301214694976808,1.0]}},{"@class":"BoneInfo","index":14,"offset":{"values":[0.008780863136053086,-0.999847948551178,-0.01506830658763647,0.0,0.9595887064933777,0.004186759237200022,0.281375914812088,0.0,-0.2812700569629669,-0.01693008281290531,0.9594793319702148,0.0,-0.04571092128753662,0.6161367297172546,0.019901812076568605,1.0]}},{"@class":"BoneInfo","index":15,"offset":{"values":[0.015622157603502274,-0.995978832244873,0.08821598440408707,0.0,0.9405138492584229,0.044584814459085467,0.33681777119636538,0.0,-0.3393963873386383,0.07770653069019318,0.9374282360076904,0.0,-0.04892706871032715,0.3507263660430908,-0.01904284954071045,1.0]}},{"@class":"BoneInfo","index":16,"offset":{"values":[0.05528877675533295,-0.9659014940261841,-0.2529379725456238,0.0,-0.2872035801410675,-0.2580040693283081,0.9224686026573181,0.0,-0.9562726616859436,0.021642586216330529,-0.291674941778183,0.0,0.005968600511550903,0.0838083028793335,-0.02809000015258789,1.0]}},{"@class":"BoneInfo","index":17,"offset":{"values":[-0.15939563512802125,-0.25394192337989809,0.9539951682090759,0.0,0.8566285371780396,-0.5159012079238892,0.0058008162304759029,0.0,0.4906940460205078,0.8181442022323608,0.2997663617134094,0.0,-0.02933669090270996,0.008863866329193116,-0.04664134979248047,0.9999999403953552]}},{"@class":"BoneInfo","index":18,"offset":{"values":[-0.056442733854055408,-0.5825930833816528,0.8108018040657044,0.0,0.9365137815475464,-0.3123756945133209,-0.15926024317741395,0.0,0.34605860710144045,0.7503378987312317,0.563237726688385,0.0,-0.026446819305419923,-0.014586025848984719,-0.053144097328186038,1.0]}},{"@class":"BoneInfo","index":19,"offset":{"values":[-0.1891413778066635,-0.6248748898506165,0.7574675679206848,0.0,0.8870518803596497,-0.4395707845687866,-0.14112615585327149,0.0,0.4211466908454895,0.6452203989028931,0.6374374628067017,0.0,-0.03107774257659912,-0.04508450627326965,-0.058484017848968509,1.0]}},{"@class":"BoneInfo","index":20,"offset":{"values":[-0.05972500890493393,-0.9079479575157166,0.41480565071105959,0.0,0.335696280002594,-0.4096134901046753,-0.8482481837272644,0.0,0.9400749802589417,0.08858712762594223,0.3292587995529175,0.0,-0.0403752326965332,-0.01466706395149231,0.0258558988571167,1.0]}},{"@class":"BoneInfo","index":21,"offset":{"values":[-0.11285548657178879,-0.9386777877807617,0.3258032500743866,0.0,0.32025188207626345,-0.34476301074028017,-0.8823702931404114,0.0,0.9405861496925354,0.004758835304528475,0.3395216166973114,0.0,-0.04351770877838135,-0.054426297545433047,0.0203779935836792,1.0]}},{"@class":"BoneInfo","index":22,"offset":{"values":[-0.10113799571990967,-0.9416176080703735,0.32113519310951235,0.0,0.29619210958480837,-0.33665192127227785,-0.893832266330719,0.0,0.9497586488723755,0.004717374220490456,0.3129478991031647,0.0,-0.042710840702056888,-0.08132746815681458,0.020928382873535157,1.0]}},{"@class":"BoneInfo","index":23,"offset":{"values":[-0.16261214017868043,-0.9117825031280518,0.37710630893707278,0.0,0.23016858100891114,-0.4067021310329437,-0.8840904235839844,0.0,0.9594683647155762,-0.05696573480963707,0.27599847316741946,0.0,-0.019406497478485109,-0.009766638278961182,0.03544354438781738,0.9999998807907105]}},{"@class":"BoneInfo","index":24,"offset":{"values":[-0.1511603593826294,-0.9660718441009522,0.20941446721553803,0.0,0.30197468400001528,-0.2468506395816803,-0.9208015203475952,0.0,0.9412554502487183,-0.0759507566690445,0.32904335856437685,0.0,-0.01955866813659668,-0.0592552125453949,0.024689078330993654,0.9999997615814209]}},{"@class":"BoneInfo","index":25,"offset":{"values":[-0.2329568862915039,-0.9209901690483093,0.3122619390487671,0.0,0.2828204333782196,-0.3713788390159607,-0.8843586444854736,0.0,0.9304535984992981,-0.11770329624414444,0.346990168094635,0.0,-0.027085304260253907,-0.08371907472610474,0.03405439853668213,1.0]}},{"@class":"BoneInfo","index":26,"offset":{"values":[-0.36319831013679507,-0.8965544104576111,0.2535300850868225,0.0,0.20564936101436616,-0.34254181385040285,-0.9167189598083496,0.0,0.9087327718734741,-0.2808123528957367,0.3087863326072693,0.0,0.0016420483589172364,-0.011943235993385315,0.03831315040588379,0.9999999403953552]}},{"@class":"BoneInfo","index":27,"offset":{"values":[-0.32962024211883547,-0.9234644770622253,0.19637809693813325,0.0,0.2062983214855194,-0.2734261155128479,-0.9395102858543396,0.0,0.9212988615036011,-0.2691689431667328,0.2806357741355896,0.0,0.003948986530303955,-0.057163238525390628,0.03453946113586426,1.0]}},{"@class":"BoneInfo","index":28,"offset":{"values":[-0.29362723231315615,-0.914842963218689,0.2772105634212494,0.0,0.19470806419849397,-0.34115198254585268,-0.9196217060089111,0.0,0.9358800649642944,-0.21605077385902406,0.27829867601394656,0.0,0.007606863975524902,-0.08207829296588898,0.04109907150268555,0.9999999403953552]}},{"@class":"BoneInfo","index":29,"offset":{"values":[-0.5785545110702515,-0.773297905921936,0.2593940496444702,0.0,0.05908267945051193,-0.35692140460014346,-0.9322640895843506,0.0,0.8135009407997131,-0.5240402221679688,0.2521868646144867,0.0,0.024336278438568116,-0.021826982498168947,0.03690171241760254,0.9999998807907105]}},{"@class":"BoneInfo","index":30,"offset":{"values":[-0.5717698931694031,-0.798283040523529,0.18927152454853059,0.0,0.06303533911705017,-0.27276676893234255,-0.9600130319595337,0.0,0.8179890513420105,-0.5369759798049927,0.20627962052822114,0.0,0.02481943368911743,-0.05978982150554657,0.03177213668823242,1.0000001192092896]}},{"@class":"BoneInfo","index":31,"offset":{"values":[-0.4157043695449829,-0.8767467141151428,0.24187873303890229,0.0,0.07370798289775849,-0.2975488007068634,-0.9518569707870483,0.0,0.9065081477165222,-0.37786296010017397,0.18831536173820496,0.0,0.0394892692565918,-0.07238426804542542,0.03336477279663086,1.0]}},{"@class":"BoneInfo","index":32,"offset":{"values":[0.10330529510974884,-0.004595239646732807,-0.9946390390396118,0.0,0.8627921342849731,-0.4971349537372589,0.09190815687179566,0.0,-0.4948921203613281,-0.8676610589027405,-0.04739172011613846,0.0,-0.06604135036468506,-0.013984441757202149,0.3610023260116577,0.9999999403953552]}},{"@class":"BoneInfo","index":33,"offset":{"values":[0.8372067213058472,-0.5081583261489868,0.20213909447193147,0.0,0.49396437406539919,0.8612639904022217,0.11926499754190445,0.0,-0.2347005158662796,7.450584860180243e-8,0.9720680713653565,0.0,-0.5840921401977539,0.3516578674316406,-0.11888625472784043,1.0]}},{"@class":"BoneInfo","index":34,"offset":{"values":[0.01869186945259571,0.9984855651855469,-0.051741234958171847,0.0,-0.9869408011436462,0.026707468554377557,0.15885475277900697,0.0,0.15999600291252137,0.04809625446796417,0.9859452843666077,0.0,0.0199587345123291,-0.8339977264404297,0.06627190113067627,1.0]}},{"@class":"BoneInfo","index":35,"offset":{"values":[0.008983440697193146,0.999847412109375,0.014976485632359982,0.0,-0.9569084644317627,0.004248337354511023,0.29035916924476626,0.0,0.29025134444236758,-0.016939524561166765,0.9568005204200745,0.0,0.03159689903259277,-0.9795225262641907,-0.004434168338775635,1.0]}},{"@class":"BoneInfo","index":36,"offset":{"values":[0.015047796070575714,0.9959802627563477,-0.08829627186059952,0.0,-0.9385320544242859,0.044526319950819018,0.3423086702823639,0.0,0.34486430883407595,0.07771791517734528,0.9354296326637268,0.0,0.024796128273010255,-1.2387559413909913,0.12158358097076416,1.0]}},{"@class":"BoneInfo","index":37,"offset":{"values":[0.05529922991991043,0.965900719165802,0.2529381513595581,0.0,0.2872040271759033,-0.25800737738609316,0.9224675297737122,0.0,0.9562719464302063,0.02163315750658512,-0.29167819023132326,0.0,-0.09422072768211365,-1.4576725959777833,-0.43175363540649416,0.9999999403953552]}},{"@class":"BoneInfo","index":38,"offset":{"values":[-0.16033607721328736,0.25399041175842287,-0.9538244009017944,0.0,-0.8560683131217957,-0.5168250203132629,0.006280095316469669,0.0,-0.49136513471603396,0.8175457119941711,0.300298810005188,0.0,0.28514039516448977,-0.3964335322380066,1.4755568504333497,1.0]}},{"@class":"BoneInfo","index":39,"offset":{"values":[-0.057227835059165958,0.5826322436332703,-0.8107184767723084,0.0,-0.9362781047821045,-0.3132112920284271,-0.15900187194347382,0.0,-0.3465658128261566,0.7499586939811707,0.5634303689002991,0.0,0.11770200729370117,-0.9443668723106384,1.2406892776489258,0.9999998807907105]}},{"@class":"BoneInfo","index":40,"offset":{"values":[-0.18986313045024873,0.6249129772186279,-0.7572551965713501,0.0,-0.8867145776748657,-0.4402856230735779,-0.14101682603359223,0.0,-0.42153191566467287,0.6446953415870667,0.6377135515213013,0.0,0.3339979648590088,-1.0423475503921509,1.1500277519226075,1.0]}},{"@class":"BoneInfo","index":41,"offset":{"values":[-0.06033460795879364,0.907963216304779,-0.4146839380264282,0.0,-0.3358202278614044,-0.40968793630599978,-0.8481634259223938,0.0,-0.9399918913841248,0.08808570355176926,0.3296308219432831,0.0,0.13664430379867555,-1.4636831283569337,0.6876109838485718,1.0]}},{"@class":"BoneInfo","index":42,"offset":{"values":[-0.11334441602230072,0.9386882185935974,-0.3256034851074219,0.0,-0.3204359710216522,-0.34474050998687746,-0.8823122978210449,0.0,-0.9404647350311279,0.00432997290045023,0.3398638963699341,0.0,0.22437769174575807,-1.5524810552597047,0.539965033531189,0.9999999403953552]}},{"@class":"BoneInfo","index":43,"offset":{"values":[-0.10161983966827393,0.9416295289993286,-0.3209477365016937,0.0,-0.2963823080062866,-0.33662402629852297,-0.8937796950340271,0.0,-0.949647843837738,0.004297547973692417,0.3132900893688202,0.0,0.20485973358154298,-1.5840764045715333,0.533084511756897,1.0]}},{"@class":"BoneInfo","index":44,"offset":{"values":[-0.1631494015455246,0.9117929339408875,-0.37685033679008486,0.0,-0.23027053475379945,-0.406610369682312,-0.8841063976287842,0.0,-0.9593531489372253,-0.0574638806283474,0.27629730105400088,0.0,0.27976828813552859,-1.4649027585983277,0.6368476748466492,1.0]}},{"@class":"BoneInfo","index":45,"offset":{"values":[-0.15148141980171204,0.9660768508911133,-0.20916172862052918,0.0,-0.30219870805740359,-0.24673524498939515,-0.9207594990730286,0.0,-0.941132128238678,-0.07626956701278687,0.3293231427669525,0.0,0.2612873911857605,-1.6010239124298096,0.35848045349121096,0.9999998807907105]}},{"@class":"BoneInfo","index":46,"offset":{"values":[-0.2334284633398056,0.9209983944892883,-0.31188610196113589,0.0,-0.283030241727829,-0.37121379375457766,-0.8843612670898438,0.0,-0.930271565914154,-0.1181618943810463,0.34732237458229067,0.0,0.39960789680480959,-1.5535497665405274,0.5317736864089966,1.0]}},{"@class":"BoneInfo","index":47,"offset":{"values":[-0.3635203242301941,0.8965528607368469,-0.2530730664730072,0.0,-0.20568406581878663,-0.3421972692012787,-0.916840136051178,0.0,-0.9085964560508728,-0.281236857175827,0.3088023364543915,0.0,0.5784916281700134,-1.4427708387374879,0.44221067428588869,1.0000001192092896]}},{"@class":"BoneInfo","index":48,"offset":{"values":[-0.329877644777298,0.9234619736671448,-0.19595547020435334,0.0,-0.20635078847408296,-0.27309152483940127,-0.9395961761474609,0.0,-0.9211952090263367,-0.26951608061790469,0.28064393997192385,0.0,0.5224894285202026,-1.5309339761734009,0.34728360176086428,1.0]}},{"@class":"BoneInfo","index":49,"offset":{"values":[-0.2939821779727936,0.9148450493812561,-0.27682605385780337,0.0,-0.19472934305667878,-0.3408767282962799,-0.9197195172309876,0.0,-0.9357645511627197,-0.2164749801158905,0.27835893630981448,0.0,0.461553156375885,-1.5420947074890137,0.48290932178497317,1.0]}},{"@class":"BoneInfo","index":50,"offset":{"values":[-0.5788421630859375,0.773287296295166,-0.25878262519836428,0.0,-0.05910181999206543,-0.3563041687011719,-0.9324992895126343,0.0,-0.8132950663566589,-0.5244754552841187,0.2519465386867523,0.0,0.899428129196167,-1.2559490203857422,0.44992995262145998,1.0]}},{"@class":"BoneInfo","index":51,"offset":{"values":[-0.5719909071922302,0.7982694506645203,-0.1886594146490097,0.0,-0.06308701634407044,-0.2721315622329712,-0.9601900577545166,0.0,-0.8178303241729736,-0.537318229675293,0.20601718127727509,0.0,0.888006329536438,-1.333781361579895,0.33288848400115969,1.0]}},{"@class":"BoneInfo","index":52,"offset":{"values":[-0.4159777760505676,0.8767417073249817,-0.24142663180828095,0.0,-0.07363449037075043,-0.2970891296863556,-0.9520065188407898,0.0,-0.9063887000083923,-0.37823647260665896,0.188140869140625,0.0,0.6243507266044617,-1.4716007709503174,0.4187053442001343,1.0]}},{"@class":"BoneInfo","index":53,"offset":{"values":[0.9065157771110535,0.4078240990638733,-0.1091267317533493,0.0,-0.40490099787712099,0.91306072473526,0.0487411767244339,0.0,0.11951714754104614,8.75443561199063e-7,0.9928323030471802,0.0,-0.8171366453170776,-0.3685845136642456,0.12004382908344269,1.0]}},{"@class":"BoneInfo","index":54,"offset":{"values":[1.0,-1.9207472234938906e-7,-0.0000012331037169133197,0.0,-5.151453024154762e-7,0.8364441990852356,-0.5480521321296692,0.0,0.0000011366890930730734,0.5480520725250244,0.8364443182945252,0.0,-0.7979499697685242,-0.08596563339233399,0.07892513275146485,1.0]}},{"@class":"BoneInfo","index":55,"offset":{"values":[1.0000001192092896,-2.1023039309397974e-8,-9.741073654367938e-7,0.0,-2.689778355602357e-8,0.9987905621528626,-0.04916850104928017,0.0,9.739628694660497e-7,0.04916844144463539,0.9987905025482178,0.0,-0.7979501485824585,-0.2108522653579712,-0.0322616770863533,1.0]}},{"@class":"BoneInfo","index":56,"offset":{"values":[-0.0003801799030043185,0.11598587036132813,0.9932509660720825,0.0,0.9999950528144836,-0.0031795084942132236,0.0007540466031059623,0.0,0.0032454272732138635,0.9932460784912109,-0.11598406732082367,0.0,-0.2683318853378296,-0.19772660732269288,-0.7490105032920837,1.0]}},{"@class":"BoneInfo","index":57,"offset":{"values":[0.00037859997246414423,-0.11598643660545349,0.9932506680488586,0.0,0.9999948740005493,-0.0031795406248420479,-0.0007524481043219566,0.0,0.0032452435698360206,0.9932457208633423,0.11598470062017441,0.0,-0.268937349319458,-0.012624286115169526,-0.8361188769340515,1.0]}},{"@class":"BoneInfo","index":58,"offset":{"values":[-0.9633389711380005,-0.20423507690429688,-0.1739584058523178,0.0,0.20098449289798737,-0.9789218902587891,0.03629333898425102,0.0,-0.177702859044075,7.450562833355434e-8,0.9840840697288513,0.0,0.6775387525558472,-0.1816098690032959,0.088918536901474,1.0]}},{"@class":"BoneInfo","index":59,"offset":{"values":[-0.9304792284965515,0.2979314625263214,-0.21317927539348603,0.0,-0.17758667469024659,-0.8757873177528381,-0.44884222745895388,0.0,-0.3204238712787628,-0.3797806203365326,0.8678105473518372,0.0,0.8584719896316528,-0.576971173286438,0.030571788549423219,1.0]}}]}