{"@class":"BaseSkinController","id":{"uuid":"5A3237D3-6DF2-4DD6-8B19-8EA6A31D09AD"},"boneInfoCollection":[{"@class":"BoneInfo","index":0,"offset":{"values":[1.0,5.198771122287267e-16,-8.662515256219194e-7,0.0,1.4165017357854749e-13,-1.0,1.6292068494294654e-7,0.0,-8.662515256219194e-7,-1.6292068494294654e-7,-1.0,0.0,5.166947971702029e-7,0.4000670313835144,0.5964720249176025,1.0]}},{"@class":"BoneInfo","index":1,"offset":{"values":[-0.05457556992769241,0.8593356013298035,-0.5084919929504395,0.0,0.9984854459762573,0.050514768809080127,-0.021797344088554384,0.0,0.006955097895115614,-0.5089114904403687,-0.8607909083366394,0.0,0.4195845425128937,-0.07884565740823746,0.6067388653755188,1.0000001192092896]}},{"@class":"BoneInfo","index":2,"offset":{"values":[0.15968270599842072,0.8935902714729309,-0.4195210039615631,0.0,0.9859678149223328,-0.16532209515571595,0.02314981445670128,0.0,-0.04866969957947731,-0.4173309803009033,-0.9074503183364868,0.0,0.2499692440032959,-0.7082513570785523,0.5604932308197022,1.0]}},{"@class":"BoneInfo","index":3,"offset":{"values":[0.019771892577409745,0.7582260966300964,-0.6516919136047363,0.0,0.9994584321975708,-0.03213813155889511,-0.007068964187055826,0.0,-0.026304058730602266,-0.6511992812156677,-0.7584508657455444,0.0,0.42094677686691286,-0.8782523274421692,0.8145323395729065,1.0]}},{"@class":"BoneInfo","index":4,"offset":{"values":[0.2240687608718872,0.8264126777648926,-0.5165608525276184,0.0,0.9255470633506775,-0.3464418947696686,-0.152775377035141,0.0,-0.30521392822265627,-0.44386929273605349,-0.8425107002258301,0.0,0.15541605651378632,-1.2420810461044312,0.5667511820793152,0.9999998807907105]}},{"@class":"BoneInfo","index":5,"offset":{"values":[0.2024253010749817,0.7584243416786194,-0.6195294260978699,0.0,0.9354466795921326,-0.3369377553462982,-0.10682909935712815,0.0,-0.28976476192474368,-0.5579118728637695,-0.7776700854301453,0.0,0.1901492178440094,-1.2129223346710206,0.7309479117393494,1.0]}},{"@class":"BoneInfo","index":6,"offset":{"values":[0.1563986837863922,0.7746415138244629,-0.6127561330795288,0.0,0.9539040923118591,-0.2793513238430023,-0.1096811592578888,0.0,-0.2561379075050354,-0.5673565864562988,-0.782623827457428,0.0,0.26514750719070437,-1.24601411819458,0.7198399305343628,1.0000001192092896]}},{"@class":"BoneInfo","index":7,"offset":{"values":[0.04063223674893379,0.8318280577659607,-0.5535443425178528,0.0,0.9977713823318481,-0.063124880194664,-0.021619493141770364,0.0,-0.052926138043403628,-0.5514323115348816,-0.8325390815734863,0.0,0.4017195403575897,-1.1141643524169922,0.6833090782165527,1.0]}},{"@class":"BoneInfo","index":8,"offset":{"values":[0.029017750173807145,0.8108335733413696,-0.5845571756362915,0.0,0.9986414909362793,-0.048835135996341708,-0.018165582790970804,0.0,-0.04327620193362236,-0.5832359194755554,-0.8111491799354553,0.0,0.4182637333869934,-1.1441757678985596,0.7277477383613586,1.0000001192092896]}},{"@class":"BoneInfo","index":9,"offset":{"values":[0.014373640529811383,0.8270267844200134,-0.5619789361953735,0.0,0.9993653893470764,-0.03020051307976246,-0.01888342760503292,0.0,-0.03258916735649109,-0.56135094165802,-0.8269359469413757,0.0,0.43971166014671328,-1.2026951313018799,0.6949231624603272,1.0]}},{"@class":"BoneInfo","index":10,"offset":{"values":[-0.1434294879436493,0.8279596567153931,-0.5421356558799744,0.0,0.9832298755645752,0.1815616339445114,0.01715718023478985,0.0,0.1126364916563034,-0.5305832624435425,-0.8401158452033997,0.0,0.606521725654602,-1.0030783414840699,0.6856291890144348,1.0]}},{"@class":"BoneInfo","index":11,"offset":{"values":[-0.13877218961715699,0.8241390585899353,-0.549124002456665,0.0,0.9841954112052918,0.1763632744550705,0.01596880704164505,0.0,0.11000580340623856,-0.5382295846939087,-0.8355881571769714,0.0,0.6005451679229736,-1.0593609809875489,0.6947376132011414,0.9999998807907105]}},{"@class":"BoneInfo","index":12,"offset":{"values":[-0.13410447537899018,0.8489149808883667,-0.5112331509590149,0.0,0.9851663112640381,0.16994710266590119,0.023776696994900705,0.0,0.10706697404384613,-0.5004612803459168,-0.8591130375862122,0.0,0.5943045020103455,-1.1349931955337525,0.6440754532814026,0.9999998807907105]}},{"@class":"BoneInfo","index":13,"offset":{"values":[-0.32798340916633608,0.8159714341163635,-0.4760439991950989,0.0,0.8434048891067505,0.47992509603500368,0.24153713881969453,0.0,0.4255528748035431,-0.32227763533592226,-0.8456015586853027,0.0,0.7652468681335449,-0.8576772212982178,0.6843329071998596,1.0]}},{"@class":"BoneInfo","index":14,"offset":{"values":[-0.2247697114944458,0.7861505746841431,-0.5757133960723877,0.0,0.8997249603271484,0.394296258687973,0.18715092539787293,0.0,0.3741304278373718,-0.47591784596443179,-0.7959451079368591,0.0,0.648891270160675,-0.9025409817695618,0.7966929078102112,0.9999998807907105]}},{"@class":"BoneInfo","index":15,"offset":{"values":[-0.20538288354873658,0.8067725896835327,-0.5540181994438171,0.0,0.9089909195899963,0.36704403162002566,0.19752031564712525,0.0,0.36270302534103396,-0.4630301892757416,-0.8087332844734192,0.0,0.6255670785903931,-0.9766459465026856,0.7705915570259094,1.0]}},{"@class":"BoneInfo","index":16,"offset":{"values":[0.6094341278076172,0.22652293741703034,-0.7597879767417908,0.0,0.6568330526351929,-0.6809573173522949,0.32383257150650027,0.0,-0.44402778148651125,-0.6964084506034851,-0.5637861490249634,0.0,-0.4033590853214264,-0.5702544450759888,1.079956293106079,1.0]}},{"@class":"BoneInfo","index":17,"offset":{"values":[0.595124363899231,0.31423550844192507,-0.7396509647369385,0.0,0.6793789267539978,-0.6883558034896851,0.2541861832141876,0.0,-0.4292687177658081,-0.6537755131721497,-0.6231421232223511,0.0,-0.3744494318962097,-0.7357361912727356,1.0196430683135987,1.0]}},{"@class":"BoneInfo","index":18,"offset":{"values":[0.634117066860199,0.3484910726547241,-0.6902536153793335,0.0,0.5999594926834106,-0.7848925590515137,0.1548946350812912,0.0,-0.48779556155204775,-0.512345552444458,-0.7067940831184387,0.0,-0.4687429964542389,-0.883691668510437,0.9004896879196167,1.0]}},{"@class":"BoneInfo","index":19,"offset":{"values":[-0.05457528680562973,0.8593354225158691,-0.5084919333457947,0.0,0.9984853267669678,0.050514910370111468,-0.02179660275578499,0.0,0.006955835502594709,-0.5089114308357239,-0.8607907295227051,0.0,-0.18413926661014558,-0.10938884317874909,0.6199183464050293,0.9999998807907105]}},{"@class":"BoneInfo","index":20,"offset":{"values":[0.15968282520771027,0.8935900926589966,-0.41952091455459597,0.0,0.9859676361083984,-0.16532203555107118,0.023150036111474038,0.0,-0.048669446259737018,-0.417330801486969,-0.907450258731842,0.0,-0.3461855351924896,-0.60829097032547,0.5464959144592285,0.9999998807907105]}},{"@class":"BoneInfo","index":21,"offset":{"values":[0.019772429019212724,0.7582259178161621,-0.6516919136047363,0.0,0.9994584321975708,-0.0321386381983757,-0.007068808656185865,0.0,-0.02630426548421383,-0.6511992812156677,-0.7584507465362549,0.0,-0.18336552381515504,-0.8588199615478516,0.818806529045105,1.0]}},{"@class":"BoneInfo","index":22,"offset":{"values":[0.22406888008117677,0.8264127969741821,-0.5165609121322632,0.0,0.925547182559967,-0.34644198417663576,-0.15277539193630219,0.0,-0.30521395802497866,-0.44386935234069826,-0.8425108790397644,0.0,-0.4042060375213623,-1.0326087474822999,0.6591253280639648,1.0]}},{"@class":"BoneInfo","index":23,"offset":{"values":[0.20242629945278169,0.7584240436553955,-0.6195294260978699,0.0,0.9354460835456848,-0.3369390666484833,-0.10682906955480576,0.0,-0.2897653877735138,-0.5579115152359009,-0.7776700854301453,0.0,-0.37545982003211977,-1.0091959238052369,0.7955410480499268,1.0]}},{"@class":"BoneInfo","index":24,"offset":{"values":[0.1563970297574997,0.7746419310569763,-0.6127560138702393,0.0,0.9539045095443726,-0.2793494760990143,-0.10968147963285446,0.0,-0.2561369240283966,-0.5673569440841675,-0.7826237678527832,0.0,-0.3116178512573242,-1.0771081447601319,0.7861573100090027,0.9999999403953552]}},{"@class":"BoneInfo","index":25,"offset":{"values":[0.04063224792480469,0.8318278789520264,-0.553544282913208,0.0,0.9977713823318481,-0.06312483549118042,-0.021619530394673349,0.0,-0.05292614549398422,-0.5514323711395264,-0.8325389623641968,0.0,-0.20157207548618318,-1.0759965181350709,0.6963810920715332,1.0]}},{"@class":"BoneInfo","index":26,"offset":{"values":[0.02901880256831646,0.8108334541320801,-0.584557056427002,0.0,0.9986413717269898,-0.048836346715688708,-0.01816559210419655,0.0,-0.04327692836523056,-0.5832358598709106,-0.8111491203308106,0.0,-0.18555542826652528,-1.1146477460861207,0.7387312650680542,1.0]}},{"@class":"BoneInfo","index":27,"offset":{"values":[0.014372199773788453,0.8270267248153687,-0.5619788765907288,0.0,0.9993654489517212,-0.030198881402611734,-0.018883731216192247,0.0,-0.03258850798010826,-0.5613510012626648,-0.8269360661506653,0.0,-0.16454167664051057,-1.1844347715377808,0.7063408493995667,1.0000001192092896]}},{"@class":"BoneInfo","index":28,"offset":{"values":[-0.14342953264713288,0.8279593586921692,-0.5421355962753296,0.0,0.9832297563552856,0.18156172335147859,0.017157144844532014,0.0,0.1126364916563034,-0.5305830836296082,-0.8401157259941101,0.0,0.01202256791293621,-1.1128571033477784,0.6752551794052124,0.9999998807907105]}},{"@class":"BoneInfo","index":29,"offset":{"values":[-0.13877102732658387,0.8241389989852905,-0.549124002456665,0.0,0.9841957092285156,0.17636194825172425,0.015968767926096917,0.0,0.11000506579875946,-0.5382297039031982,-0.8355880975723267,0.0,0.0054604546166956429,-1.1659969091415406,0.6850822567939758,0.9999998807907105]}},{"@class":"BoneInfo","index":30,"offset":{"values":[-0.13410596549510957,0.848914623260498,-0.5112332701683044,0.0,0.985166072845459,0.16994884610176087,0.023776644840836526,0.0,0.10706784576177597,-0.5004609823226929,-0.8591132164001465,0.0,-0.001363203045912087,-1.2377495765686036,0.6296994686126709,1.0]}},{"@class":"BoneInfo","index":31,"offset":{"values":[-0.29701143503189089,0.8343252539634705,-0.4644193649291992,0.0,0.8607539534568787,0.44449353218078616,0.2480481117963791,0.0,0.4133843183517456,-0.32607781887054446,-0.8501686453819275,0.0,0.21060293912887574,-1.1644703149795533,0.5215175747871399,0.9999998807907105]}},{"@class":"BoneInfo","index":32,"offset":{"values":[-0.23388074338436128,0.7812927961349487,-0.578689455986023,0.0,0.8950766324996948,0.4054364562034607,0.1856321394443512,0.0,0.3796549141407013,-0.4745555520057678,-0.7941406965255737,0.0,0.11855654418468476,-1.1369379758834839,0.6880009174346924,1.0]}},{"@class":"BoneInfo","index":33,"offset":{"values":[-0.2053825557231903,0.8067725896835327,-0.554017961025238,0.0,0.9089911580085754,0.36704346537590029,0.19752004742622376,0.0,0.36270251870155337,-0.4630301296710968,-0.8087335228919983,0.0,0.07595506310462952,-1.1985749006271363,0.65116286277771,1.0]}},{"@class":"BoneInfo","index":34,"offset":{"values":[0.6094340085983276,0.22652286291122437,-0.7597881555557251,0.0,0.6568331718444824,-0.6809572577476502,0.3238324224948883,0.0,-0.44402778148651125,-0.6964086294174194,-0.5637860894203186,0.0,-0.8005057573318481,-0.15852093696594239,0.8841546177864075,1.0]}},{"@class":"BoneInfo","index":35,"offset":{"values":[0.595124363899231,0.3142354190349579,-0.7396507859230042,0.0,0.6793788075447083,-0.6883558630943298,0.2541863024234772,0.0,-0.4292686879634857,-0.6537758111953735,-0.6231421232223511,0.0,-0.7852285504341126,-0.3195292353630066,0.8659519553184509,1.0]}},{"@class":"BoneInfo","index":36,"offset":{"values":[0.6341168284416199,0.34849098324775698,-0.6902537941932678,0.0,0.5999594926834106,-0.7848926186561585,0.15489447116851808,0.0,-0.4877958297729492,-0.5123456120491028,-0.7067941427230835,0.0,-0.8315015435218811,-0.4091147780418396,0.8068347573280335,1.0]}},{"@class":"BoneInfo","index":37,"offset":{"values":[-0.0545755997300148,-0.8593356013298035,0.5084919929504395,0.0,-0.9984854459762573,0.05051477998495102,-0.02179732546210289,0.0,-0.006955068092793226,-0.5089113116264343,-0.8607909679412842,0.0,-0.4195845425128937,-0.07884571701288223,0.6067389845848084,1.0]}},{"@class":"BoneInfo","index":38,"offset":{"values":[0.1596827208995819,-0.8935903310775757,0.4195210337638855,0.0,-0.9859678745269775,-0.16532211005687715,0.023149831220507623,0.0,0.04866969585418701,-0.4173308312892914,-0.9074504971504211,0.0,-0.24996927380561829,-0.7082513570785523,0.5604932904243469,1.0]}},{"@class":"BoneInfo","index":39,"offset":{"values":[0.019771886989474298,-0.7582260370254517,0.6516920328140259,0.0,-0.9994584918022156,-0.032138146460056308,-0.007068927865475416,0.0,0.026304064318537713,-0.651199221611023,-0.7584510445594788,0.0,-0.42094680666923525,-0.8782522082328796,0.8145325183868408,1.0]}},{"@class":"BoneInfo","index":40,"offset":{"values":[0.22406885027885438,-0.8264127969741821,0.516560971736908,0.0,-0.925547182559967,-0.3464420437812805,-0.15277531743049622,0.0,0.30521395802497866,-0.4438692629337311,-0.8425110578536987,0.0,-0.15541599690914155,-1.2420810461044312,0.5667513608932495,1.0]}},{"@class":"BoneInfo","index":41,"offset":{"values":[0.2024252712726593,-0.7584240436553955,0.6195293664932251,0.0,-0.935446560382843,-0.33693787455558779,-0.10682900995016098,0.0,0.28976476192474368,-0.55791175365448,-0.7776702046394348,0.0,-0.190149188041687,-1.2129219770431519,0.7309479713439941,1.0]}},{"@class":"BoneInfo","index":42,"offset":{"values":[0.1563986837863922,-0.7746413350105286,0.6127562522888184,0.0,-0.9539039731025696,-0.2793514132499695,-0.10968099534511566,0.0,0.25613781809806826,-0.5673567056655884,-0.7826237678527832,0.0,-0.26514744758605959,-1.246013879776001,0.7198401093482971,1.0]}},{"@class":"BoneInfo","index":43,"offset":{"values":[0.04063224047422409,-0.8318278789520264,0.5535443425178528,0.0,-0.9977713823318481,-0.06312486529350281,-0.021619440987706186,0.0,0.052926138043403628,-0.5514322519302368,-0.8325390815734863,0.0,-0.40171951055526736,-1.1141642332077027,0.6833091974258423,1.0]}},{"@class":"BoneInfo","index":44,"offset":{"values":[0.02901776134967804,-0.8108333945274353,0.5845571756362915,0.0,-0.9986414313316345,-0.04883511736989021,-0.01816553622484207,0.0,0.04327620938420296,-0.5832358002662659,-0.8111492991447449,0.0,-0.41826367378234866,-1.1441755294799805,0.7277477979660034,1.0]}},{"@class":"BoneInfo","index":45,"offset":{"values":[0.01437364611774683,-0.8270266652107239,0.5619789361953735,0.0,-0.9993653297424316,-0.030200490728020669,-0.018883386626839639,0.0,0.03258916735649109,-0.5613507032394409,-0.8269359469413757,0.0,-0.4397115707397461,-1.2026950120925904,0.6949233412742615,0.9999998807907105]}},{"@class":"BoneInfo","index":46,"offset":{"values":[-0.1434294879436493,-0.8279592990875244,0.5421356558799744,0.0,-0.9832297563552856,0.1815616935491562,0.017157239839434625,0.0,-0.11263646185398102,-0.5305829644203186,-0.8401157855987549,0.0,-0.606521725654602,-1.003077745437622,0.6856290698051453,1.0]}},{"@class":"BoneInfo","index":47,"offset":{"values":[-0.13877220451831819,-0.824138879776001,0.5491240620613098,0.0,-0.9841954708099365,0.17636334896087647,0.01596885733306408,0.0,-0.11000580340623856,-0.5382294654846191,-0.8355883955955505,0.0,-0.6005451679229736,-1.0593608617782593,0.6947377920150757,1.0]}},{"@class":"BoneInfo","index":48,"offset":{"values":[-0.1341044306755066,-0.8489148616790772,0.5112332701683044,0.0,-0.9851663112640381,0.16994716227054597,0.023776767775416375,0.0,-0.10706695914268494,-0.5004609823226929,-0.8591131567955017,0.0,-0.5943045616149902,-1.1349929571151734,0.6440757513046265,0.9999999403953552]}},{"@class":"BoneInfo","index":49,"offset":{"values":[-0.32798340916633608,-0.8159710764884949,0.4760439991950989,0.0,-0.8434047102928162,0.47992515563964846,0.24153728783130647,0.0,-0.4255528151988983,-0.3222774565219879,-0.845601499080658,0.0,-0.7652467489242554,-0.85767662525177,0.6843329668045044,1.0]}},{"@class":"BoneInfo","index":50,"offset":{"values":[-0.22476975619792939,-0.7861502766609192,0.5757133960723877,0.0,-0.8997247815132141,0.3942963182926178,0.1871509850025177,0.0,-0.37413036823272707,-0.47591766715049746,-0.7959451079368591,0.0,-0.6488911509513855,-0.9025405049324036,0.796692967414856,1.0]}},{"@class":"BoneInfo","index":51,"offset":{"values":[-0.20538300275802613,-0.8067723512649536,0.5540181994438171,0.0,-0.9089909195899963,0.3670441210269928,0.19752034544944764,0.0,-0.3627030551433563,-0.46303004026412966,-0.8087335228919983,0.0,-0.6255672574043274,-0.9766454100608826,0.7705916166305542,1.0]}},{"@class":"BoneInfo","index":52,"offset":{"values":[0.6094340682029724,-0.22652247548103333,0.759787917137146,0.0,-0.6568329930305481,-0.6809573173522949,0.3238326907157898,0.0,0.4440276324748993,-0.6964083909988403,-0.5637863278388977,0.0,0.40335890650749209,-0.5702539086341858,1.079956293106079,1.0]}},{"@class":"BoneInfo","index":53,"offset":{"values":[0.595124363899231,-0.3142351508140564,0.7396509051322937,0.0,-0.6793787479400635,-0.6883557438850403,0.25418639183044436,0.0,0.4292686879634857,-0.6537754535675049,-0.6231422424316406,0.0,0.3744494915008545,-0.7357357144355774,1.0196431875228882,1.0000001192092896]}},{"@class":"BoneInfo","index":54,"offset":{"values":[0.6341170072555542,-0.3484906554222107,0.6902536749839783,0.0,-0.5999594926834106,-0.7848925590515137,0.1548946648836136,0.0,0.48779556155204775,-0.5123453140258789,-0.706794261932373,0.0,0.46874281764030459,-0.8836911916732788,0.9004899263381958,1.0000001192092896]}},{"@class":"BoneInfo","index":55,"offset":{"values":[-0.05457527935504913,-0.8593354225158691,0.5084919929504395,0.0,-0.9984853863716126,0.050514910370111468,-0.021796608343720437,0.0,-0.006955827120691538,-0.5089113712310791,-0.8607907891273499,0.0,0.18413926661014558,-0.1093887984752655,0.6199184060096741,1.0]}},{"@class":"BoneInfo","index":56,"offset":{"values":[0.15968284010887147,-0.8935902118682861,0.41952091455459597,0.0,-0.9859678745269775,-0.16532206535339356,0.023150011897087098,0.0,0.04866946116089821,-0.41733086109161379,-0.9074504375457764,0.0,0.3461855947971344,-0.6082910299301148,0.5464960336685181,1.0000001192092896]}},{"@class":"BoneInfo","index":57,"offset":{"values":[0.019772464409470559,-0.7582261562347412,0.6516920924186707,0.0,-0.9994585514068604,-0.0321386493742466,-0.0070688179694116119,0.0,0.026304272934794427,-0.6511992812156677,-0.7584509253501892,0.0,0.18336555361747743,-0.8588201403617859,0.8188067674636841,1.0000001192092896]}},{"@class":"BoneInfo","index":58,"offset":{"values":[0.22406870126724244,-0.826412558555603,0.5165608525276184,0.0,-0.9255471229553223,-0.34644192457199099,-0.15277546644210816,0.0,0.30521389842033389,-0.443869024515152,-0.8425108194351196,0.0,0.4042058289051056,-1.0326083898544312,0.6591252088546753,1.0]}},{"@class":"BoneInfo","index":59,"offset":{"values":[0.20242631435394288,-0.7584238052368164,0.6195294260978699,0.0,-0.9354462027549744,-0.33693912625312807,-0.10682912170886994,0.0,0.28976547718048098,-0.5579113364219666,-0.77767014503479,0.0,0.37545979022979739,-1.0091955661773682,0.7955411076545715,0.9999999403953552]}},{"@class":"BoneInfo","index":60,"offset":{"values":[0.15639710426330567,-0.7746416330337524,0.6127560138702393,0.0,-0.9539046287536621,-0.27934950590133669,-0.10968143492937088,0.0,0.256136953830719,-0.5673567652702332,-0.7826237082481384,0.0,0.31161800026893618,-1.0771076679229737,0.7861573100090027,0.9999998807907105]}},{"@class":"BoneInfo","index":61,"offset":{"values":[0.04063223674893379,-0.8318277597427368,0.5535444021224976,0.0,-0.9977713823318481,-0.06312481313943863,-0.021619537845253946,0.0,0.052926138043403628,-0.5514322519302368,-0.8325389623641968,0.0,0.20157206058502198,-1.0759961605072022,0.6963812708854675,1.0]}},{"@class":"BoneInfo","index":62,"offset":{"values":[0.02901879884302616,-0.8108333945274353,0.584557056427002,0.0,-0.9986414909362793,-0.04883633926510811,-0.018165601417422296,0.0,0.04327692463994026,-0.5832356214523315,-0.8111490607261658,0.0,0.18555541336536408,-1.1146475076675416,0.738731324672699,1.0]}},{"@class":"BoneInfo","index":63,"offset":{"values":[0.014372197911143303,-0.8270266652107239,0.561978816986084,0.0,-0.9993654489517212,-0.030198879539966584,-0.01888374611735344,0.0,0.03258851170539856,-0.56135094165802,-0.8269360065460205,0.0,0.16454169154167176,-1.1844347715377808,0.7063408493995667,0.9999998807907105]}},{"@class":"BoneInfo","index":64,"offset":{"values":[-0.14342956244945527,-0.827959418296814,0.5421357154846191,0.0,-0.9832298755645752,0.18156182765960694,0.01715713180601597,0.0,-0.1126365140080452,-0.5305830836296082,-0.8401158452033997,0.0,-0.012022599577903748,-1.1128573417663575,0.6752554178237915,1.0]}},{"@class":"BoneInfo","index":65,"offset":{"values":[-0.13877101242542268,-0.8241390585899353,0.549124002456665,0.0,-0.9841958284378052,0.17636199295520783,0.015968794003129007,0.0,-0.11000508069992066,-0.5382295846939087,-0.8355882167816162,0.0,-0.005460426211357117,-1.1659969091415406,0.6850823163986206,0.9999998807907105]}},{"@class":"BoneInfo","index":66,"offset":{"values":[-0.13410595059394837,-0.8489145636558533,0.5112332701683044,0.0,-0.9851661324501038,0.16994890570640565,0.023776652291417123,0.0,-0.10706784576177597,-0.5004610419273377,-0.8591131567955017,0.0,0.0013632477493956686,-1.2377495765686036,0.6296994090080261,0.9999999403953552]}},{"@class":"BoneInfo","index":67,"offset":{"values":[-0.29701143503189089,-0.8343254327774048,0.46441948413848879,0.0,-0.8607540726661682,0.4444935917854309,0.24804817140102387,0.0,-0.41338425874710085,-0.32607775926589968,-0.8501686453819275,0.0,-0.21060292422771455,-1.1644705533981324,0.5215176939964294,1.0]}},{"@class":"BoneInfo","index":68,"offset":{"values":[-0.23388078808784486,-0.7812927961349487,0.5786893367767334,0.0,-0.8950764536857605,0.40543654561042788,0.18563222885131837,0.0,-0.3796549141407013,-0.4745553731918335,-0.7941405177116394,0.0,-0.11855652928352356,-1.1369380950927735,0.6880007982254028,1.0]}},{"@class":"BoneInfo","index":69,"offset":{"values":[-0.20538246631622315,-0.8067725896835327,0.5540180802345276,0.0,-0.9089910387992859,0.3670434355735779,0.1975201964378357,0.0,-0.36270248889923098,-0.4630300998687744,-0.8087334632873535,0.0,-0.07595498859882355,-1.1985749006271363,0.6511629223823547,1.0]}},{"@class":"BoneInfo","index":70,"offset":{"values":[0.6094338893890381,-0.22652290761470796,0.7597882151603699,0.0,-0.6568331718444824,-0.6809573173522949,0.3238324224948883,0.0,0.4440276622772217,-0.6964085698127747,-0.5637861490249634,0.0,0.8005055785179138,-0.1585209220647812,0.884154736995697,1.0]}},{"@class":"BoneInfo","index":71,"offset":{"values":[0.5951241254806519,-0.3142353892326355,0.7396507859230042,0.0,-0.679378867149353,-0.6883559823036194,0.2541862726211548,0.0,0.42926862835884097,-0.653775691986084,-0.6231421232223511,0.0,0.7852281928062439,-0.31952914595603945,0.8659519553184509,1.0]}},{"@class":"BoneInfo","index":72,"offset":{"values":[0.6341168284416199,-0.3484910726547241,0.6902538537979126,0.0,-0.5999595522880554,-0.7848926186561585,0.1548944115638733,0.0,0.48779577016830447,-0.512345552444458,-0.7067941427230835,0.0,0.8315016627311707,-0.4091148376464844,0.8068347573280335,1.0000001192092896]}},{"@class":"BoneInfo","index":73,"offset":{"values":[1.0,2.8421712818535799e-14,-9.536736911286425e-7,0.0,5.632095394503267e-7,-0.8069877028465271,0.5905684232711792,0.0,-7.696028205828043e-7,-0.5905684232711792,-0.8069876432418823,0.0,6.855062792965327e-7,-0.14964444935321809,0.7188059687614441,1.0]}},{"@class":"BoneInfo","index":74,"offset":{"values":[-0.39685124158859255,-0.7221522927284241,-0.5665731430053711,0.0,0.5868990421295166,-0.6742323040962219,0.44828614592552187,0.0,-0.7057327032089233,-0.1546182632446289,0.691400408744812,0.0,0.7615780830383301,-0.41566553711891177,0.13801364600658418,1.0]}},{"@class":"BoneInfo","index":75,"offset":{"values":[-0.39685115218162539,0.722152590751648,0.5665732622146606,0.0,-0.5868991613388062,-0.6742324233055115,0.44828590750694277,0.0,0.7057327032089233,-0.15461841225624085,0.691400408744812,0.0,-0.7615781426429749,-0.4156656861305237,0.13801349699497224,1.0]}},{"@class":"BoneInfo","index":76,"offset":{"values":[1.0,2.842170265414043e-14,-0.0000011920925544472994,0.0,2.985192111282231e-7,-0.9681381583213806,0.2504160404205322,0.0,-0.0000011541104640855338,-0.250416100025177,-0.9681380987167358,0.0,6.671281198578072e-7,-0.6858347058296204,0.5596277117729187,1.0]}},{"@class":"BoneInfo","index":77,"offset":{"values":[-0.16789016127586366,0.9597086906433106,0.22532647848129273,0.0,0.962968111038208,0.20857356488704682,-0.1708497405052185,0.0,-0.21096312999725343,0.18829821050167085,-0.959186315536499,0.0,0.9189521074295044,0.008190907537937165,0.5358662605285645,1.0]}},{"@class":"BoneInfo","index":78,"offset":{"values":[-0.19609621167182923,-0.7126922011375427,0.6735103130340576,0.0,0.9793921709060669,-0.17621426284313203,0.09868974983692169,0.0,0.04834671691060066,0.6789835095405579,0.7325599789619446,0.0,0.745768666267395,-0.38849973678588869,-0.5558415651321411,1.0]}},{"@class":"BoneInfo","index":79,"offset":{"values":[0.05774009972810745,-0.6187702417373657,-0.783447265625,0.0,0.9473970532417297,-0.21350005269050599,0.2384466677904129,0.0,-0.31480976939201357,-0.7560034990310669,0.5738936066627502,0.0,0.8749594688415527,0.41427358984947207,0.06742271780967713,1.0000001192092896]}},{"@class":"BoneInfo","index":80,"offset":{"values":[-0.7807472348213196,0.6043416261672974,0.1587580144405365,0.0,0.5016018748283386,0.757691502571106,-0.4174913167953491,0.0,-0.37259677052497866,-0.2463221251964569,-0.8947047591209412,0.0,0.6252235174179077,0.7213234305381775,0.04090908169746399,1.0]}},{"@class":"BoneInfo","index":81,"offset":{"values":[0.20512883365154267,-0.881799042224884,0.4246794283390045,0.0,-0.4810929298400879,-0.4687120020389557,-0.7408500909805298,0.0,0.8523333072662354,-0.05234052985906601,-0.5203736424446106,0.0,-0.7455134391784668,-0.21819385886192323,-0.417064905166626,1.0]}},{"@class":"BoneInfo","index":82,"offset":{"values":[-0.16789019107818604,-0.959708571434021,-0.22532632946968079,0.0,-0.9629680514335632,0.20857375860214234,-0.1708497256040573,0.0,0.21096308529376985,0.1882980316877365,-0.959186315536499,0.0,-0.9189519882202148,0.008191182278096676,0.5358663201332092,1.0]}},{"@class":"BoneInfo","index":83,"offset":{"values":[-0.19609615206718446,0.7126917243003845,-0.6735103130340576,0.0,-0.9793920516967773,-0.17621423304080964,0.09868966042995453,0.0,-0.04834676906466484,0.6789830923080444,0.7325598001480103,0.0,-0.7457685470581055,-0.3884996175765991,-0.5558414459228516,0.9999998807907105]}},{"@class":"BoneInfo","index":84,"offset":{"values":[0.05774002522230148,0.6187703013420105,0.7834470868110657,0.0,-0.9473968148231506,-0.21350006759166718,0.23844656348228455,0.0,0.3148095905780792,-0.7560030221939087,0.5738936066627502,0.0,-0.8749592900276184,0.41427332162857058,0.06742263585329056,1.0]}},{"@class":"BoneInfo","index":85,"offset":{"values":[-0.7807473540306091,-0.6043418645858765,-0.15875811874866486,0.0,-0.5016022324562073,0.7576914429664612,-0.4174909293651581,0.0,0.37259694933891299,-0.2463216781616211,-0.8947049975395203,0.0,-0.6252238750457764,0.7213232517242432,0.040909454226493838,0.9999998807907105]}},{"@class":"BoneInfo","index":86,"offset":{"values":[0.2051287144422531,0.8817992210388184,-0.42467957735061648,0.0,0.4810928404331207,-0.46871209144592287,-0.740850031375885,0.0,-0.8523333072662354,-0.05234069377183914,-0.5203734636306763,0.0,0.7455134391784668,-0.21819385886192323,-0.41706499457359316,1.0]}},{"@class":"BoneInfo","index":87,"offset":{"values":[1.0,5.198771122287267e-16,-0.000002471608468113118,0.0,4.031960312497751e-13,-1.0,1.6292068494294654e-7,0.0,-0.000002471608468113118,-1.6292068494294654e-7,-1.0,0.0,-0.11406690627336502,-0.6915834546089172,0.6371526718139648,1.0]}},{"@class":"BoneInfo","index":88,"offset":{"values":[1.0,5.7131963160372837e-8,-0.00000309944016407826,0.0,-0.0000014487952739727917,-0.8753045201301575,-0.4835723042488098,0.0,-0.0000027405808395997157,0.4835723042488098,-0.8753044605255127,0.0,-0.11406775563955307,-0.933881938457489,0.21489211916923524,1.0]}},{"@class":"BoneInfo","index":89,"offset":{"values":[1.0,5.341917130863294e-9,-0.0000030994415283203127,0.0,0.0000016545118342037313,-0.8465239405632019,0.5323506593704224,0.0,-0.00000262090770775103,-0.5323506593704224,-0.8465239405632019,0.0,-0.11406562477350235,-0.2634655833244324,0.9213578104972839,1.0]}},{"@class":"BoneInfo","index":90,"offset":{"values":[-1.1924897513893029e-8,5.198771651682859e-16,1.0,0.0,-1.6292068494294654e-7,-1.0000001192092896,-1.422935306773709e-15,0.0,1.0,-1.6292069915380126e-7,1.1924897513893029e-8,0.0,-0.637152373790741,-0.691583514213562,0.11406847834587097,1.0]}},{"@class":"BoneInfo","index":91,"offset":{"values":[1.0,5.713219053404828e-8,0.000003099439254583558,0.0,0.0000015488112694583834,-0.8753044605255127,-0.48357242345809939,0.0,0.0000026853251711145278,0.48357242345809939,-0.8753044605255127,0.0,0.11406787484884262,-0.933881938457489,0.21489202976226808,1.0]}},{"@class":"BoneInfo","index":92,"offset":{"values":[1.0,5.341689757187851e-9,0.000003099441300946637,0.0,-0.0000016454678188893013,-0.8465239405632019,0.5323506593704224,0.0,0.000002626595232868567,-0.5323506593704224,-0.8465239405632019,0.0,0.11406562477350235,-0.2634655833244324,0.9213578104972839,1.0]}},{"@class":"BoneInfo","index":93,"offset":{"values":[1.0,-7.10542803522736e-14,-9.5367431640625e-7,0.0,-2.2440495683895279e-7,-0.9719215631484985,-0.23530559241771699,0.0,-9.268965754927194e-7,0.23530559241771699,-0.9719215631484985,0.0,2.237017184825163e-7,-0.884143590927124,0.23456831276416779,1.0]}},{"@class":"BoneInfo","index":94,"offset":{"values":[-0.21052904427051545,-0.8217189908027649,-0.5295801162719727,0.0,0.8010274767875671,0.16553150117397309,-0.5752859711647034,0.0,0.5603857636451721,-0.5453227162361145,0.6233704090118408,0.0,0.3014202415943146,0.4153236448764801,-0.8591476082801819,0.9999998807907105]}},{"@class":"BoneInfo","index":95,"offset":{"values":[-0.4345804750919342,-0.8217189908027649,0.36866992712020876,0.0,0.8010278344154358,-0.16553165018558503,0.5752857327461243,0.0,-0.41169676184654238,0.5453227162361145,0.730156660079956,0.0,0.9104197025299072,-0.3270939588546753,0.011177431792020798,1.0]}}]}