{"@class":"BaseSkinController","id":{"uuid":"DC64CE1E-01F0-473E-BB2C-9E16D7E3CF74"},"boneInfoCollection":[{"@class":"BoneInfo","index":0,"offset":{"values":[-0.9999998807907105,3.560996049145615e-7,-0.000002535181465646019,0.0,-0.0000025351812382723439,1.6292079862978427e-7,0.9999999403953552,0.0,-3.5610003124020297e-7,-0.9999998807907105,1.5099489303338488e-7,0.0,2.0306442749529198e-8,0.05283999815583229,-7.978566252120345e-9,1.0]}},{"@class":"BoneInfo","index":1,"offset":{"values":[-0.9999998807907105,-7.021464654144438e-8,0.0000016364975863325527,0.0,-2.2022577184088733e-7,-0.9842466115951538,-0.17680101096630097,0.0,-0.0000016231311974479468,0.17680107057094575,-0.9842466115951538,0.0,-1.9524144079241524e-7,-0.8855682611465454,-0.1802201271057129,1.0]}},{"@class":"BoneInfo","index":2,"offset":{"values":[0.9967733025550842,-0.08017853647470474,0.003653997089713812,0.0,0.08010563254356384,0.9966407418251038,0.017029374837875367,0.0,0.005005365237593651,0.016682162880897523,-0.9998462200164795,0.0,0.1966637372970581,0.9927495121955872,0.010423487052321434,0.9999998807907105]}},{"@class":"BoneInfo","index":3,"offset":{"values":[0.9956441521644592,-0.08775972574949265,0.03146734461188316,0.0,0.08553764224052429,0.9941387176513672,0.06611548364162445,0.0,0.03708338737487793,0.0631362795829773,-0.9973136186599731,0.0,0.19944752752780915,0.5308372378349304,0.04156223684549332,1.0]}},{"@class":"BoneInfo","index":4,"offset":{"values":[0.9798693060874939,-0.060508228838443759,0.19024799764156342,0.0,0.19532446563243867,0.48761433362960818,-0.8509292006492615,0.0,0.041277699172496799,-0.8709577918052673,-0.48961693048477175,0.0,0.2093912661075592,0.07067576795816422,-0.05139435455203056,1.0000001192092896]}},{"@class":"BoneInfo","index":5,"offset":{"values":[0.9752997159957886,-0.14110343158245088,0.16994036734104157,0.0,0.18450117111206056,0.09739641100168228,-0.9779945015907288,0.0,-0.12144824117422104,-0.9851900339126587,-0.12102488428354263,0.0,0.18885545432567597,-0.1410556435585022,-0.016727477312088014,1.0]}},{"@class":"BoneInfo","index":6,"offset":{"values":[0.9967738389968872,0.08017241209745407,-0.0036384861450642349,0.0,-0.08009997755289078,0.9966420531272888,0.016987040638923646,0.0,-0.004986295942217112,0.016641369089484216,-0.9998469948768616,0.0,-0.19665803015232087,0.9927511811256409,0.010379192419350148,1.0]}},{"@class":"BoneInfo","index":7,"offset":{"values":[0.9956440925598145,0.08776691555976868,-0.03144220635294914,0.0,-0.08554491400718689,0.9941354990005493,0.066155344247818,0.0,-0.0370621532201767,0.06317796558141709,-0.9973114728927612,0.0,-0.19944941997528077,0.5308346152305603,0.04156138375401497,1.0]}},{"@class":"BoneInfo","index":8,"offset":{"values":[0.97986900806427,0.060519397258758548,-0.19024419784545899,0.0,-0.1953250616788864,0.4876480996608734,-0.8509095311164856,0.0,-0.04127386957406998,-0.8709376454353333,-0.4896521270275116,0.0,-0.20939180254936219,0.07067642360925675,-0.051392074674367908,1.0]}},{"@class":"BoneInfo","index":9,"offset":{"values":[0.9752951860427856,0.1411116123199463,-0.16995660960674287,0.0,-0.18452361226081849,0.09743853658437729,-0.9779857397079468,0.0,0.12144645303487778,-0.9851840734481812,-0.12107028812170029,0.0,-0.1888568252325058,-0.1410551220178604,-0.016722310334444047,0.9999998807907105]}},{"@class":"BoneInfo","index":10,"offset":{"values":[-1.0,-3.709794693662616e-9,0.0000017569682313478552,0.0,6.294891363722854e-8,-0.9994315505027771,0.03371787816286087,0.0,-0.0000017558439822096262,-0.033717818558216098,-0.9994315505027771,0.0,1.2028854712298199e-7,-1.1057288646697999,0.053039610385894778,1.0]}},{"@class":"BoneInfo","index":11,"offset":{"values":[-1.0,-1.259797244301808e-7,0.0000016239957858488197,0.0,-3.5437483347777745e-7,-0.9562975168228149,-0.29239553213119509,0.0,-0.0000015898586980256369,0.29239553213119509,-0.9562975168228149,0.0,-3.7702798749705837e-7,-1.1384538412094117,-0.33445438742637637,1.0]}},{"@class":"BoneInfo","index":12,"offset":{"values":[-0.9999998807907105,7.906514554179012e-8,0.0000014225719269234106,0.0,-7.97708139543829e-8,-0.9999999403953552,-0.0004960894584655762,0.0,-0.0000014225325912775589,0.0004961192607879639,-0.9999998211860657,0.0,-2.2396520193979087e-8,-1.3252482414245606,0.054800502955913547,1.0]}},{"@class":"BoneInfo","index":13,"offset":{"values":[-0.018691951408982278,0.9984855055809021,-0.051740266382694247,0.0,-0.9869405627250671,-0.026707492768764497,-0.15885573625564576,0.0,0.15999698638916017,-0.048095256090164188,-0.9859451055526733,0.0,-1.4719868898391724,-0.07674042880535126,-0.21780627965927125,1.0]}},{"@class":"BoneInfo","index":14,"offset":{"values":[-0.00878086220473051,0.9998478293418884,0.015068304724991322,0.0,-0.9595886468887329,-0.0041867587715387348,-0.2813758850097656,0.0,0.28127002716064455,0.016930080950260164,-0.9594792127609253,0.0,-1.4345630407333375,-0.18760408461093903,-0.4132433831691742,1.0]}},{"@class":"BoneInfo","index":15,"offset":{"values":[-0.015622155740857125,0.9959787130355835,-0.08821597695350647,0.0,-0.9405137896537781,-0.044584810733795169,-0.33681774139404299,0.0,0.3393963575363159,-0.07770652323961258,-0.9374281167984009,0.0,-1.4038501977920533,-0.5098996758460999,-0.4503546357154846,1.0]}},{"@class":"BoneInfo","index":16,"offset":{"values":[-0.05528876930475235,0.9659013748168945,0.2529379427433014,0.0,0.2872035503387451,0.2580040395259857,-0.9224685430526733,0.0,0.956272542476654,-0.02164258435368538,0.2916749119758606,0.0,0.47966790199279787,-0.31101667881011965,-1.5715426206588746,1.0]}},{"@class":"BoneInfo","index":17,"offset":{"values":[0.15939562022686006,0.2539418935775757,-0.9539950489997864,0.0,-0.8566284775733948,0.5159011483192444,-0.005800815764814615,0.0,-0.49069398641586306,-0.8181440830230713,-0.29976633191108706,0.0,-1.4110298156738282,0.5491172075271606,0.7027411460876465,0.9999999403953552]}},{"@class":"BoneInfo","index":18,"offset":{"values":[0.05644272640347481,0.5825930237770081,-0.8108016848564148,0.0,-0.9365137219429016,0.31237566471099856,0.15926022827625276,0.0,-0.34605857729911806,-0.7503377795219421,-0.5632376670837402,0.0,-1.440817952156067,-0.03254435583949089,0.8196421265602112,1.0]}},{"@class":"BoneInfo","index":19,"offset":{"values":[0.18914134800434113,0.6248748302459717,-0.7574674487113953,0.0,-0.8870518207550049,0.43957075476646426,0.1411261409521103,0.0,-0.4211466312408447,-0.6452203392982483,-0.6374374032020569,0.0,-1.4800738096237183,0.08985725045204163,0.7444635033607483,1.0]}},{"@class":"BoneInfo","index":20,"offset":{"values":[0.05972500145435333,0.907947838306427,-0.4148055911064148,0.0,-0.3356962502002716,0.4096134603023529,0.8482481241226196,0.0,-0.9400748610496521,-0.08858712017536164,-0.3292587697505951,0.0,-0.5881314873695374,-0.14296576380729676,1.5898334980010987,1.0]}},{"@class":"BoneInfo","index":21,"offset":{"values":[0.1128554716706276,0.9386776685714722,-0.3258032202720642,0.0,-0.32025185227394106,0.34476298093795779,0.8823702335357666,0.0,-0.9405860304832459,-0.0047588348388671879,-0.339521586894989,0.0,-0.6111577749252319,-0.30084481835365298,1.5629687309265137,1.0]}},{"@class":"BoneInfo","index":22,"offset":{"values":[0.10113798081874848,0.941617488861084,-0.32113516330718996,0.0,-0.29619207978248598,0.33665189146995547,0.8938322067260742,0.0,-0.9497585296630859,-0.004717373754829168,-0.3129478693008423,0.0,-0.5660266280174255,-0.34191712737083437,1.5768070220947266,1.0]}},{"@class":"BoneInfo","index":23,"offset":{"values":[0.16261212527751923,0.9117823839187622,-0.377106249332428,0.0,-0.23016856610774995,0.40670210123062136,0.8840903639793396,0.0,-0.9594682455062866,0.05696572735905647,-0.27599844336509707,0.0,-0.4956255555152893,-0.1437186747789383,1.6222001314163209,0.9999998807907105]}},{"@class":"BoneInfo","index":24,"offset":{"values":[0.1511603444814682,0.9660717248916626,-0.20941443741321565,0.0,-0.30197465419769289,0.2468506246805191,0.9208014607429504,0.0,-0.9412553310394287,0.0759507492184639,-0.32904332876205447,0.0,-0.5911241769790649,-0.46937039494514468,1.5305577516555787,0.9999997615814209]}},{"@class":"BoneInfo","index":25,"offset":{"values":[0.23295685648918153,0.9209900498390198,-0.3122619092464447,0.0,-0.2828204035758972,0.3713788092136383,0.8843585848808289,0.0,-0.9304534792900086,0.11770328134298325,-0.3469901382923126,0.0,-0.6358715295791626,-0.2758295238018036,1.5686540603637696,1.0]}},{"@class":"BoneInfo","index":26,"offset":{"values":[0.36319828033447268,0.8965542912483215,-0.2535300552845001,0.0,-0.20564934611320496,0.34254178404808047,0.9167189002037048,0.0,-0.9087326526641846,0.2808123230934143,-0.3087863028049469,0.0,-0.5983110070228577,-0.2247483730316162,1.57366144657135,0.9999999403953552]}},{"@class":"BoneInfo","index":27,"offset":{"values":[0.32962021231651308,0.9234643578529358,-0.19637806713581086,0.0,-0.20629830658435822,0.2734260857105255,0.9395102262496948,0.0,-0.9212987422943115,0.2691689133644104,-0.2806357443332672,0.0,-0.5702990889549255,-0.3923417627811432,1.5578315258026124,1.0]}},{"@class":"BoneInfo","index":28,"offset":{"values":[0.29362720251083376,0.9148428440093994,-0.277210533618927,0.0,-0.19470804929733277,0.3411519527435303,0.9196216464042664,0.0,-0.9358799457550049,0.21605074405670167,-0.27829864621162417,0.0,-0.5211878418922424,-0.3122377097606659,1.5999212265014649,0.9999999403953552]}},{"@class":"BoneInfo","index":29,"offset":{"values":[0.5785544514656067,0.7732977867126465,-0.2593940198421478,0.0,-0.059082675725221637,0.35692137479782107,0.9322640299797058,0.0,-0.8135008215904236,0.524040162563324,-0.2521868348121643,0.0,-0.5326903462409973,-0.1125553622841835,1.6002354621887208,0.9999998807907105]}},{"@class":"BoneInfo","index":30,"offset":{"values":[0.5717698335647583,0.7982829213142395,-0.1892714947462082,0.0,-0.06303533166646958,0.27276673913002016,0.9600129723548889,0.0,-0.817988932132721,0.5369759202003479,-0.20627959072589875,0.0,-0.5326071977615356,-0.2930030822753906,1.5801295042037964,1.0000001192092896]}},{"@class":"BoneInfo","index":31,"offset":{"values":[0.41570430994033816,0.8767465949058533,-0.2418787032365799,0.0,-0.07370797544717789,0.297548770904541,0.9518569111824036,0.0,-0.9065080285072327,0.3778629004955292,-0.18831533193588258,0.0,-0.40996941924095156,-0.3338812291622162,1.612012505531311,1.0]}},{"@class":"BoneInfo","index":32,"offset":{"values":[-0.10330528020858765,0.00459523918107152,0.9946389198303223,0.0,-0.8627920746803284,0.4971349239349365,-0.09190814942121506,0.0,0.49489206075668337,0.8676609396934509,0.04739171266555786,0.0,-1.2359180450439454,0.7169983983039856,-0.5661314725875855,0.9999999403953552]}},{"@class":"BoneInfo","index":33,"offset":{"values":[-0.8372066020965576,0.508158266544342,-0.20213906466960908,0.0,-0.4939643442630768,-0.8612639307975769,-0.11926499009132385,0.0,0.23470048606395722,-7.450584149637507e-8,-0.9720679521560669,0.0,-0.6335647106170654,-1.309522271156311,-0.1425011157989502,1.0]}},{"@class":"BoneInfo","index":34,"offset":{"values":[-0.01869186758995056,-0.9984854459762573,0.05174122750759125,0.0,0.9869407415390015,-0.026707466691732408,-0.15885473787784577,0.0,-0.15999598801136018,-0.048096247017383578,-0.9859451651573181,0.0,1.471987009048462,-0.07674036920070648,-0.21780478954315186,1.0]}},{"@class":"BoneInfo","index":35,"offset":{"values":[-0.008983439765870572,-0.9998472929000855,-0.014976483769714833,0.0,0.9569084048271179,-0.004248336888849735,-0.29035913944244387,0.0,-0.29025131464004519,0.016939522698521615,-0.9568004012107849,0.0,1.4306143522262574,-0.18769603967666627,-0.4266720116138458,1.0]}},{"@class":"BoneInfo","index":36,"offset":{"values":[-0.015047794207930565,-0.9959801435470581,0.08829626441001892,0.0,0.9385319948196411,-0.04452631622552872,-0.3423086404800415,0.0,-0.34486427903175356,-0.07771790772676468,-0.9354295134544373,0.0,1.4012408256530762,-0.5098130702972412,-0.4585590958595276,1.0]}},{"@class":"BoneInfo","index":37,"offset":{"values":[-0.055299222469329837,-0.9659005999565125,-0.2529381215572357,0.0,-0.28720399737358096,0.25800734758377077,-0.9224674701690674,0.0,-0.9562718272209168,-0.021633155643939973,0.29167816042900088,0.0,-0.4796769618988037,-0.3110111355781555,-1.5715408325195313,0.9999999403953552]}},{"@class":"BoneInfo","index":38,"offset":{"values":[0.16033606231212617,-0.25399038195610049,0.9538242816925049,0.0,0.8560682535171509,0.5168249607086182,-0.006280094850808382,0.0,0.49136507511138918,-0.8175455927848816,-0.3002987802028656,0.0,1.4108943939208985,0.5504781007766724,0.7018899321556091,1.0]}},{"@class":"BoneInfo","index":39,"offset":{"values":[0.05722782760858536,-0.5826321840286255,0.8107183575630188,0.0,0.9362780451774597,0.31321126222610476,0.15900185704231263,0.0,0.34656578302383425,-0.7499586343765259,-0.5634303092956543,0.0,1.4410320520401,-0.031311117112636569,0.8192044496536255,0.9999998807907105]}},{"@class":"BoneInfo","index":40,"offset":{"values":[0.18986310064792634,-0.6249129176139832,0.7572550773620606,0.0,0.886714518070221,0.4402855932712555,0.14101681113243104,0.0,0.4215318560600281,-0.6446952819824219,-0.6377134919166565,0.0,1.4800798892974854,0.09091056138277054,0.7441396117210388,1.0]}},{"@class":"BoneInfo","index":41,"offset":{"values":[0.06033460050821304,-0.9079630970954895,0.41468387842178347,0.0,0.33582019805908205,0.40968790650367739,0.848163366317749,0.0,0.9399917721748352,-0.08808569610118866,-0.3296307921409607,0.0,0.5887787342071533,-0.14286109805107118,1.5895695686340333,1.0]}},{"@class":"BoneInfo","index":42,"offset":{"values":[0.11334440112113953,-0.9386880993843079,0.3256034553050995,0.0,0.32043594121932986,0.34474048018455508,0.8823122382164002,0.0,0.9404646158218384,-0.004329972434788942,-0.3398638665676117,0.0,0.6117885708808899,-0.30088329315185549,1.562677264213562,0.9999999403953552]}},{"@class":"BoneInfo","index":43,"offset":{"values":[0.10161982476711273,-0.9416294097900391,0.32094770669937136,0.0,0.29638227820396426,0.33662399649620058,0.8937796354293823,0.0,0.9496477246284485,-0.00429754750803113,-0.3132900595664978,0.0,0.5666609406471252,-0.3419647812843323,1.5765323638916016,1.0]}},{"@class":"BoneInfo","index":44,"offset":{"values":[0.1631493866443634,-0.9117928147315979,0.37685027718544009,0.0,0.23027051985263825,0.4066103398799896,0.8841063380241394,0.0,0.9593530297279358,0.0574638731777668,-0.27629727125167849,0.0,0.4961932301521301,-0.14386098086833955,1.6220043897628785,1.0]}},{"@class":"BoneInfo","index":45,"offset":{"values":[0.15148140490055085,-0.9660767316818237,0.2091616988182068,0.0,0.3021986782550812,0.24673523008823396,0.9207594394683838,0.0,0.9411320090293884,0.07626955956220627,-0.3293231129646301,0.0,0.5916850566864014,-0.46954554319381716,1.530281662940979,0.9999998807907105]}},{"@class":"BoneInfo","index":46,"offset":{"values":[0.23342843353748322,-0.9209982752799988,0.3118860721588135,0.0,0.2830302119255066,0.37121376395225527,0.884361207485199,0.0,0.9302714467048645,0.1181618794798851,-0.34732234477996828,0.0,0.636545717716217,-0.27608078718185427,1.5683343410491944,1.0]}},{"@class":"BoneInfo","index":47,"offset":{"values":[0.3635202944278717,-0.8965527415275574,0.2530730366706848,0.0,0.20568405091762544,0.3421972393989563,0.9168400764465332,0.0,0.9085963368415833,0.28123682737350466,-0.3088023066520691,0.0,0.5986085534095764,-0.2252633422613144,1.5734913349151612,1.0000001192092896]}},{"@class":"BoneInfo","index":48,"offset":{"values":[0.3298776149749756,-0.9234618544578552,0.19595544040203095,0.0,0.20635077357292176,0.27309149503707888,0.9395961165428162,0.0,0.9211950898170471,0.2695160508155823,-0.28064391016960146,0.0,0.5705664753913879,-0.39284148812294009,1.55763840675354,1.0]}},{"@class":"BoneInfo","index":49,"offset":{"values":[0.2939821481704712,-0.9148449301719666,0.27682602405548098,0.0,0.19472932815551759,0.3408766984939575,0.9197194576263428,0.0,0.9357644319534302,0.21647495031356812,-0.27835890650749209,0.0,0.5214945673942566,-0.31265100836753847,1.599779725074768,1.0]}},{"@class":"BoneInfo","index":50,"offset":{"values":[0.5788421034812927,-0.7732871770858765,0.25878259539604189,0.0,0.05910181626677513,0.3563041388988495,0.9324992299079895,0.0,0.8132949471473694,0.5244753956794739,-0.25194650888442995,0.0,0.5329356789588928,-0.11347460001707077,1.600130319595337,1.0]}},{"@class":"BoneInfo","index":51,"offset":{"values":[0.5719908475875855,-0.7982693314552307,0.18865938484668733,0.0,0.06308700889348984,0.2721315324306488,0.9601899981498718,0.0,0.8178302049636841,0.5373181700706482,-0.2060171514749527,0.0,0.5328425168991089,-0.29394781589508059,1.5799368619918824,1.0]}},{"@class":"BoneInfo","index":52,"offset":{"values":[0.41597771644592287,-0.8767415881156921,0.24142660200595857,0.0,0.07363448292016983,0.2970890998840332,0.952006459236145,0.0,0.9063885807991028,0.37823641300201418,-0.1881408393383026,0.0,0.4100601375102997,-0.334567666053772,1.6119195222854615,1.0]}},{"@class":"BoneInfo","index":53,"offset":{"values":[-0.9065156579017639,-0.4078240394592285,0.10912671685218811,0.0,0.4049009680747986,-0.9130606651306152,-0.0487411729991436,0.0,-0.11951713263988495,-8.754434475122253e-7,-0.9928321838378906,0.0,0.4951944649219513,-1.374374508857727,-0.049359675496816638,1.0]}},{"@class":"BoneInfo","index":54,"offset":{"values":[-0.9999998807907105,1.9207469392767963e-7,0.000001233103603226482,0.0,5.151452455720573e-7,-0.8364441394805908,0.5480520725250244,0.0,-0.0000011366889793862356,-0.5480520129203796,-0.8364441990852356,0.0,8.458693514512561e-7,-1.3116916418075562,0.8684778213500977,1.0]}},{"@class":"BoneInfo","index":55,"offset":{"values":[-1.0,2.1023037533041135e-8,9.74107251749956e-7,0.0,2.689778177966673e-8,-0.9987905025482178,0.04916849732398987,0.0,-9.739627557792119e-7,-0.049168433994054797,-0.9987903833389282,0.0,4.0747824670006597e-8,-1.6676145792007447,0.02809329144656658,1.0]}},{"@class":"BoneInfo","index":56,"offset":{"values":[0.00038017984479665756,-0.11598585546016693,-0.993250846862793,0.0,-0.9999949932098389,0.00317950826138258,-0.0007540465448983014,0.0,-0.003245426807552576,-0.9932459592819214,0.11598405241966248,0.0,-1.7266327142715455,-0.11180751770734787,0.043770503252744678,1.0]}},{"@class":"BoneInfo","index":57,"offset":{"values":[-0.0003785999142564833,0.1159864217042923,-0.9932505488395691,0.0,-0.9999948143959045,0.003179540392011404,0.0007524480461142957,0.0,-0.003245243104174733,-0.9932456016540527,-0.11598468571901322,0.0,-1.7266324758529664,-0.1118074506521225,-0.04377318546175957,1.0]}},{"@class":"BoneInfo","index":58,"offset":{"values":[0.9633388519287109,0.2042350471019745,0.17395839095115663,0.0,-0.20098447799682618,0.9789218306541443,-0.036293335258960727,0.0,0.17770284414291383,-7.450562122812699e-8,-0.9840839505195618,0.0,-0.3821706473827362,1.0826574563980103,-0.11396960914134979,1.0]}},{"@class":"BoneInfo","index":59,"offset":{"values":[0.930479109287262,-0.297931432723999,0.21317924559116364,0.0,0.1775866597890854,0.8757872581481934,0.44884219765663149,0.0,0.32042384147644045,0.3797805607318878,-0.8678104281425476,0.0,0.3785465955734253,0.9419412612915039,0.505018413066864,1.0]}}]}