{"@class":"BaseSkinController","boneInfoCollection":[{"@class":"BoneInfo","index":0,"offset":{"values":[1.0,-3.498298054769852e-27,5.0067901611328125e-06,0.0,8.157096959698906e-13,-1.0,-1.6292068494294654e-07,0.0,-5.0067901611328125e-06,-1.6292068494294654e-07,1.0,0.0,0.0,0.0,0.0,1.0]}},{"@class":"BoneInfo","index":1,"offset":{"values":[-1.0,2.0605736626537474e-13,-8.742249235638155e-08,0.0,3.469358134111644e-08,-0.9178842306137085,-0.39684805274009705,0.0,8.024461806144245e-08,0.39684805274009705,-0.9178842306137085,0.0,-8.590147615450405e-08,-0.0860409364104271,0.9825915098190308,1.0]}},{"@class":"BoneInfo","index":2,"offset":{"values":[-0.13052015006542206,-0.7528697848320007,0.6450979709625244,0.0,-0.7528695464134216,-0.34810107946395874,-0.5585808753967285,0.0,-0.645098090171814,0.5585806965827942,0.5213786959648132,0.0,0.8379596471786499,-0.4146127998828888,-0.3143382966518402,1.0]}},{"@class":"BoneInfo","index":3,"offset":{"values":[-0.35748380422592163,-0.44097450375556946,-0.8232539892196655,0.0,-0.7187725901603699,-0.43292149901390076,0.5440080761909485,0.0,0.5962978005409241,-0.7862067222595215,0.1621977835893631,0.0,-0.7942996621131897,0.8470759391784668,-0.6019455194473267,1.0]}},{"@class":"BoneInfo","index":4,"offset":{"values":[-0.6775462031364441,-0.01628260500729084,-0.7353000640869141,0.0,-0.6768783330917358,0.4048719108104706,0.6147474050521851,0.0,-0.2876927852630615,-0.9142284989356995,0.2853405773639679,0.0,-0.4264642000198364,0.6769015789031982,-0.6072643995285034,1.0]}},{"@class":"BoneInfo","index":5,"offset":{"values":[0.0815306007862091,-0.14456592500209808,-0.9861306548118591,0.0,-0.16559086740016937,-0.9776377081871033,0.12963007390499115,0.0,0.9828186631202698,-0.15272551774978638,0.10364606231451035,0.0,0.16125614941120148,0.020123623311519623,-0.7377718687057495,1.0]}},{"@class":"BoneInfo","index":6,"offset":{"values":[0.6260625123977661,-0.1665503829717636,-0.7617788314819336,0.0,-0.1511000245809555,-0.9843188524246216,0.09102431684732437,0.0,0.76499342918396,-0.05811801552772522,0.6414105296134949,0.0,0.5599909424781799,-0.2588728070259094,-0.503381073474884,1.0000001192092896]}},{"@class":"BoneInfo","index":7,"offset":{"values":[-0.13052000105381012,0.752869725227356,-0.6450979113578796,0.0,0.7528694868087769,-0.34810104966163635,-0.558580756187439,0.0,0.645098090171814,0.5585805177688599,0.5213786959648132,0.0,-0.8379596471786499,-0.41461271047592163,-0.3143383264541626,1.0]}},{"@class":"BoneInfo","index":8,"offset":{"values":[-0.864998459815979,0.3979969322681427,0.30557477474212646,0.0,0.003070346312597394,-0.604779064655304,0.7963873744010925,0.0,-0.5017650723457336,-0.6898123621940613,-0.5219108462333679,0.0,0.9715893268585205,0.7664425373077393,0.4235191345214844,1.0000001192092896]}},{"@class":"BoneInfo","index":9,"offset":{"values":[-0.9725540280342102,0.09503007680177689,-0.21238577365875244,0.0,-0.18242231011390686,0.25518664717674255,0.9495270252227783,0.0,-0.14443162083625793,-0.9622103571891785,0.23084761202335358,0.0,0.7253596186637878,0.720802366733551,0.2809904217720032,1.0]}},{"@class":"BoneInfo","index":10,"offset":{"values":[-1.0,6.958100003291723e-13,-5.250387256038047e-13,0.0,-6.592405759470437e-15,0.24783332645893097,0.9688026905059814,0.0,2.5849825599689622e-15,-0.9688026905059814,0.24783332645893097,0.0,1.2251008855383022e-13,0.9508985280990601,-0.7376326322555542,1.0]}},{"@class":"BoneInfo","index":11,"offset":{"values":[-1.0,7.843782589590786e-13,-3.8363070858048187e-13,0.0,-2.5466531527810415e-18,0.06880225986242294,0.9976302981376648,0.0,2.376756665612397e-18,-0.9976302981376648,0.06880225986242294,0.0,1.2577792811181016e-13,0.7751259207725525,-0.6076430678367615,1.0]}},{"@class":"BoneInfo","index":12,"offset":{"values":[-1.0,7.696295857562152e-13,-4.1221109099882913e-13,0.0,-2.2081289990571535e-16,0.10518266260623932,0.9944527745246887,0.0,1.9868931253082928e-16,-0.9944528937339783,0.10518265515565872,0.0,1.2580038464930776e-13,0.45961683988571167,-0.6248415112495422,1.0]}},{"@class":"BoneInfo","index":13,"offset":{"values":[-1.0,5.10659087715401e-14,7.68316074824249e-13,0.0,3.811616414205535e-14,-0.947571873664856,-0.31954240798950195,0.0,1.119798223874098e-13,0.31954240798950195,-0.947571873664856,0.0,-3.175180082780945e-15,-0.5606569051742554,1.0325199365615845,1.0]}},{"@class":"BoneInfo","index":14,"offset":{"values":[-1.0,5.898342252987077e-13,6.455514291528464e-13,0.0,-8.912460156930557e-17,-0.9374280571937561,0.3481786251068115,0.0,4.959988299291544e-16,-0.34817853569984436,-0.9374279975891113,0.0,1.2615222180680646e-13,0.0352964885532856,1.30022132396698,1.0]}},{"@class":"BoneInfo","index":15,"offset":{"values":[-1.0,7.556357883159448e-13,4.4059883779618003e-13,0.0,-6.695536044205148e-17,-0.7909964919090271,0.611820638179779,0.0,1.9599985057439887e-16,-0.6118205189704895,-0.7909964323043823,0.0,1.265064848666661e-13,0.1929907500743866,1.1056042909622192,1.0]}},{"@class":"BoneInfo","index":16,"offset":{"values":[1.0,3.3976565051024865e-13,1.5099503514193202e-07,0.0,2.113675852183014e-14,-0.9999998807907104,-1.6292068494294654e-07,0.0,-1.5099581673894136e-07,-1.331183483443965e-07,1.0,0.0,1.8551932612353994e-07,-0.6005702018737793,-1.2286397218704224,1.0]}},{"@class":"BoneInfo","index":17,"offset":{"values":[1.0,3.4203648485546523e-13,-7.958078640513122e-13,0.0,1.178866442321747e-16,-0.9999998807907104,-1.6292068494294654e-07,0.0,1.5692876251877626e-23,-1.331183483443965e-07,1.0,0.0,-1.2720378949390015e-13,-0.7539070248603821,-1.2286396026611328,1.0]}},{"@class":"BoneInfo","index":18,"offset":{"values":[-1.0,-7.863452185404018e-13,3.8346834930515217e-13,0.0,2.3581817433461504e-20,-0.0692775696516037,-0.9975971579551697,0.0,1.2702105514801165e-20,0.9975971579551697,-0.06927762925624847,0.0,1.268338326075938e-13,-1.4581396579742432,-0.31600421667099,1.0]}},{"@class":"BoneInfo","index":19,"offset":{"values":[-1.0,8.188097552416784e-13,-3.0845980067070733e-13,0.0,2.0875824463774737e-16,-0.023802680894732475,0.9997166991233826,0.0,-2.1376865627899337e-16,-0.999716579914093,-0.0238026212900877,0.0,1.2690257102532937e-13,0.6731573939323425,0.44248929619789124,1.0]}}],"id":{"uuid":"F5FF7811-FD07-4C87-9225-0D45D00987B1"}}