{"@class":"Character","id":{"uuid":"4622BA87-153E-41D2-B7B1-C3633BF74C43"},"airJumpIsActive":true,"maxStableSlopeAngle":45.0,"maxStableMoveSpeed":8.0,"stableMovementSharpness":0.05000000074505806,"maxAirMoveSpeed":8.0,"airAccelerationSpeed":0.10000000149011612,"rotationSpeed":0.05000000074505806,"allowJumpingWhenSliding":true,"allowWallJump":true,"jumpSpeed":3.0,"airJumpSpeed":3.0,"wallJumpSpeed":3.0,"crouchHeight":2.9000000953674318,"crouchSpeed":3.0,"slideSpeed":12.0,"wallHangSpeed":-1.0,"maxStepHeight":0.5,"ladderClimbingSpeed":6.0,"ladderGrabSpeed":6.0,"discreteRotationAngle":90.0,"isDiscreteRotation":false,"body":[{"@class":"BaseNode","object3D":{"@class":"BaseObject3D","id":{"uuid":"0E0B989D-8758-4D61-B0CA-336785929CF8"},"name":"MainCharacter Body","enabled":true,"visible":true,"hitVisible":true,"colliders":[{"@class":"BaseComponentCollider","colliderId":{"uuid":"35451359-4B06-4758-9D65-F236ACF63F79"}}],"rigidBody":{"@class":"BaseComponentPhysBody","rigidBodyId":{"uuid":"50CF9EE5-8881-4E57-B140-239EECC6F6A5"},"isEnabled":true},"transform":{"@class":"BaseComponentTransformable","localTransforms":{"values":[1.0,0.0,0.0,0.0,0.0,1.0,0.0,0.0,0.0,0.0,1.0,0.0,0.0,0.0,0.0,1.0]}},"metadata":{"importedIdentifier":"","importedName":"","isBone":false}},"children":["6B76E565-F6B6-4C0D-B535-6BA6A9A1768D","EB310299-0520-444D-B1E9-6F877210772A"]},{"@class":"BaseNode","object3D":{"@class":"BaseObject3D","id":{"uuid":"6B76E565-F6B6-4C0D-B535-6BA6A9A1768D"},"name":"Model","enabled":true,"visible":true,"hitVisible":true,"transform":{"@class":"BaseComponentTransformable","localTransforms":{"values":[-1.1920927533992654e-7,0.0,-1.0,0.0,0.0,1.0,0.0,0.0,1.0,0.0,-1.1920927533992654e-7,0.0,0.0,0.0,0.0,1.0]}},"metadata":{"importedIdentifier":"","importedName":"","isBone":false}},"children":["90686395-1A05-4429-A31C-97D043BEFB4B","DD58C4A1-6B0A-4428-8B4D-4B109BA864B8"]},{"@class":"BaseNode","object3D":{"@class":"BaseObject3D","id":{"uuid":"90686395-1A05-4429-A31C-97D043BEFB4B"},"name":"maincharacter","enabled":true,"visible":true,"hitVisible":true,"transform":{"@class":"BaseComponentTransformable","localTransforms":{"values":[0.4399999976158142,0.0,0.0,0.0,0.0,0.4399999976158142,0.0,0.0,0.0,0.0,0.4399999976158142,0.0,0.0,0.0,0.0,1.0]}},"metadata":{"importedIdentifier":"RootNode","importedName":"RootNode","isBone":false}},"children":["CAB9B50C-D862-4F30-B5D0-F7C7C6380F29","39B13E90-FA08-447C-9041-FA9AE8E88FF6"]},{"@class":"BaseNode","object3D":{"@class":"BaseObject3D","id":{"uuid":"CAB9B50C-D862-4F30-B5D0-F7C7C6380F29"},"name":"Fbx_Root","enabled":true,"visible":true,"hitVisible":true,"transform":{"@class":"BaseComponentTransformable","localTransforms":{"values":[2.5399999618530275,0.0,0.0,0.0,0.0,0.0,-2.5399999618530275,0.0,0.0,2.5399999618530275,0.0,0.0,0.0,0.0,0.0,1.0]}},"metadata":{"importedIdentifier":"Fbx_Root","importedName":"Fbx_Root","isBone":false}},"children":["2F4C3FDB-55D8-4523-B3E5-84783F83C6FA"]},{"@class":"BaseNode","object3D":{"@class":"BaseObject3D","id":{"uuid":"2F4C3FDB-55D8-4523-B3E5-84783F83C6FA"},"name":"default","enabled":true,"visible":true,"hitVisible":true,"geometry":{"@class":"BaseComponentGeometry","meshId":{"uuid":"6D381EFB-293E-42AE-BEEF-FD490F155257"},"skinControllerId":{"uuid":"85109AD0-FC8E-4A30-907E-701259E9FB3F"},"skeleton":[{"uuid":"6980CEC5-2029-4068-81E6-3F9A40DC3E7E"},{"uuid":"6929DC74-53CB-4CE3-8BC0-939EE95110F7"},{"uuid":"39B13E90-FA08-447C-9041-FA9AE8E88FF6"},{"uuid":"886DC206-0BA7-42C2-B4E3-6B56D4A12301"},{"uuid":"02C05640-BD56-4E3B-A86E-DDEEEB73E78C"},{"uuid":"08E19175-BB91-4645-8377-7DDDFF3BA534"},{"uuid":"D2F6DC7C-7B27-4E6A-B0EC-317616CA1951"},{"uuid":"F6D081FC-B8A6-48C8-A8DE-70CD8B1E134F"},{"uuid":"AA6FD85A-AFA1-4B64-8C27-89EB5ED19211"},{"uuid":"16FDF566-04A7-4E03-85DD-C6114BED1E32"},{"uuid":"D259DAAE-53E4-4C54-BDD5-FB2FD3EB56CD"},{"uuid":"01803611-D63E-49C1-9286-9F6C8FF32847"},{"uuid":"DEA3076C-85A4-45A5-9D38-87A60C95E6A9"},{"uuid":"3E97522D-9A20-4192-8386-8D1CC8D5EE2F"},{"uuid":"971A9A22-54CF-4704-A3AD-C1EB394EDEBA"},{"uuid":"EC586524-2B2C-452F-9AFB-0E673BB712F9"},{"uuid":"58906C2A-6723-4B08-85DC-F6E8ECDAC681"},{"uuid":"070AC97A-EBC8-4257-A283-C0220D224462"},{"uuid":"88BE7B34-A5AD-41B4-9E56-5EDAD3FFD317"},{"uuid":"C8B0CD00-3C6D-40FE-9FE4-A825D076D2DF"},{"uuid":"3AAC7CCF-1DD0-41EE-AC6F-E3776C183D27"},{"uuid":"7B318102-27B4-42B0-AD2F-80CE96EF18D0"},{"uuid":"9B86979E-7FD0-4B31-AE18-22EE32103430"},{"uuid":"ECDFFB33-6941-4E2A-A350-49063641D5F1"},{"uuid":"8B1A63BA-AE52-4E54-AEBA-914249722011"},{"uuid":"3CC3F17B-4385-4AC8-8F3D-B9F81404FCE8"},{"uuid":"E5B3D89D-B46D-4201-A5FA-9E9ECB4D9C79"},{"uuid":"A4CF3498-9C72-4084-8EBA-DF83E69BE875"},{"uuid":"F4812F1A-17E2-4784-AAA9-E2248DFAE5AE"},{"uuid":"5B5E7AEE-C51E-428F-AB26-C4C8E58A570A"},{"uuid":"019E37BF-1713-42EE-8894-77E8E001DD72"},{"uuid":"07330CCB-CF6F-4CE0-A77A-981A0F89AAEC"},{"uuid":"C3F66515-C6B9-41FA-B6CE-C1735DDAF520"},{"uuid":"12E6BD61-540E-42C9-9A4E-0C86A4C126A9"},{"uuid":"99E39B86-1E21-41CE-9C85-33FD6837E47D"},{"uuid":"66441FEF-E9DE-4969-A387-BE5E18485BA5"},{"uuid":"2455FD43-14E5-4707-8153-BDCEC6A59089"},{"uuid":"5759B003-1DF7-400F-AA35-586C95C20234"},{"uuid":"18E63F27-BFE6-45CC-BC74-8DF6520D6118"},{"uuid":"CCC51553-6CA1-46A4-A6E1-A1CC62AA48E5"},{"uuid":"A1829511-FFCF-41F2-A2E2-4F117F934DCD"},{"uuid":"47636D5A-7D6B-4E64-BEAC-DF53DED5DA00"},{"uuid":"0A53F515-5562-46B3-81D3-343DB655EE76"},{"uuid":"FB6AEF7F-DC08-45A6-9DE0-DCC76F89C9C6"},{"uuid":"F1132BF7-3467-4555-B7CB-005ED8DA5DA7"},{"uuid":"7846AFC0-BC09-4299-94CA-6CF7D78768E3"},{"uuid":"F3990936-761C-4A89-8EC2-936637C2F8E0"},{"uuid":"9D6C1CC7-E815-4404-BF81-A94FC5C51C7F"},{"uuid":"A7E0C027-D4EE-4ACC-AD7B-66ECBB30A6BA"},{"uuid":"BE8F3759-DCDF-4B12-9385-DCCC3BDAB3D9"},{"uuid":"BB34AE63-B136-4626-AFBD-271B47A3BC19"},{"uuid":"9DF390AC-84F0-40D3-B5C7-BA75DC5E2D1E"}],"static":false,"shadowCast":true,"shadowReceive":true},"material":{"@class":"BaseComponentMaterial","materialId":{"uuid":"787C1B33-120F-4A16-B852-F16DCD55D839"},"mapsStates":127},"transform":{"@class":"BaseComponentTransformable","localTransforms":{"values":[1.0,0.0,0.0,0.0,0.0,1.0,0.0,0.0,0.0,0.0,1.0,0.0,0.0,0.0,0.0,1.0]}},"metadata":{"importedIdentifier":"default","importedName":"default","isBone":false}}},{"@class":"BaseNode","object3D":{"@class":"BaseObject3D","id":{"uuid":"39B13E90-FA08-447C-9041-FA9AE8E88FF6"},"name":"mixamorig_Hips","enabled":true,"visible":true,"hitVisible":true,"transform":{"@class":"BaseComponentTransformable","localTransforms":{"values":[1.0,-0.000037999998312443498,-9.999999974752428e-7,0.0,0.000037999998312443498,1.0,0.0,0.0,9.999999974752428e-7,0.0,1.0,0.0,0.000006000000212225132,1.475203037261963,0.006819000001996756,1.0]}},"metadata":{"importedIdentifier":"mixamorig_Hips","importedName":"mixamorig_Hips","isBone":false}},"children":["DEA3076C-85A4-45A5-9D38-87A60C95E6A9","6980CEC5-2029-4068-81E6-3F9A40DC3E7E","6929DC74-53CB-4CE3-8BC0-939EE95110F7"]},{"@class":"BaseNode","object3D":{"@class":"BaseObject3D","id":{"uuid":"DEA3076C-85A4-45A5-9D38-87A60C95E6A9"},"name":"mixamorig_Spine","enabled":true,"visible":true,"hitVisible":true,"transform":{"@class":"BaseComponentTransformable","localTransforms":{"values":[1.0,0.000037999998312443498,9.999999974752428e-7,0.0,-0.000037999998312443498,0.9995480179786682,0.0300539992749691,0.0,0.0,-0.0300539992749691,0.9995480179786682,0.0,0.0,0.15729700028896333,0.004730000160634518,1.0]}},"metadata":{"importedIdentifier":"mixamorig_Spine","importedName":"mixamorig_Spine","isBone":false}},"children":["D259DAAE-53E4-4C54-BDD5-FB2FD3EB56CD"]},{"@class":"BaseNode","object3D":{"@class":"BaseObject3D","id":{"uuid":"D259DAAE-53E4-4C54-BDD5-FB2FD3EB56CD"},"name":"mixamorig_Spine1","enabled":true,"visible":true,"hitVisible":true,"transform":{"@class":"BaseComponentTransformable","localTransforms":{"values":[1.0,0.0,0.0,0.0,0.0,1.0,0.0,0.0,0.0,0.0,1.0,0.0,0.0,0.18359600007534028,0.0,1.0]}},"metadata":{"importedIdentifier":"mixamorig_Spine1","importedName":"mixamorig_Spine1","isBone":false}},"children":["886DC206-0BA7-42C2-B4E3-6B56D4A12301"]},{"@class":"BaseNode","object3D":{"@class":"BaseObject3D","id":{"uuid":"886DC206-0BA7-42C2-B4E3-6B56D4A12301"},"name":"mixamorig_Spine2","enabled":true,"visible":true,"hitVisible":true,"transform":{"@class":"BaseComponentTransformable","localTransforms":{"values":[1.0,0.0,0.0,0.0,0.0,1.0,0.0,0.0,0.0,0.0,1.0,0.0,0.0,0.20982399582862855,0.0,1.0]}},"metadata":{"importedIdentifier":"mixamorig_Spine2","importedName":"mixamorig_Spine2","isBone":false}},"children":["08E19175-BB91-4645-8377-7DDDFF3BA534","02C05640-BD56-4E3B-A86E-DDEEEB73E78C","019E37BF-1713-42EE-8894-77E8E001DD72"]},{"@class":"BaseNode","object3D":{"@class":"BaseObject3D","id":{"uuid":"08E19175-BB91-4645-8377-7DDDFF3BA534"},"name":"mixamorig_Neck","enabled":true,"visible":true,"hitVisible":true,"transform":{"@class":"BaseComponentTransformable","localTransforms":{"values":[1.0,0.0,0.0,0.0,0.0,0.9995480179786682,-0.0300539992749691,0.0,0.0,0.0300539992749691,0.9995480179786682,0.0,0.0,0.236052006483078,0.0,1.0]}},"metadata":{"importedIdentifier":"mixamorig_Neck","importedName":"mixamorig_Neck","isBone":false}},"children":["D2F6DC7C-7B27-4E6A-B0EC-317616CA1951"]},{"@class":"BaseNode","object3D":{"@class":"BaseObject3D","id":{"uuid":"D2F6DC7C-7B27-4E6A-B0EC-317616CA1951"},"name":"mixamorig_Head","enabled":true,"visible":true,"hitVisible":true,"transform":{"@class":"BaseComponentTransformable","localTransforms":{"values":[1.0,0.0,0.0,0.0,0.0,1.0,0.0,0.0,0.0,0.0,1.0,0.0,0.0,0.2464040070772171,-0.03666599839925766,1.0]}},"metadata":{"importedIdentifier":"mixamorig_Head","importedName":"mixamorig_Head","isBone":false}},"children":["620F93B9-9282-4379-B482-30898C9EC4C6"]},{"@class":"BaseNode","object3D":{"@class":"BaseObject3D","id":{"uuid":"620F93B9-9282-4379-B482-30898C9EC4C6"},"name":"mixamorig_HeadTop_End","enabled":true,"visible":true,"hitVisible":true,"transform":{"@class":"BaseComponentTransformable","localTransforms":{"values":[1.0,0.0,0.0,0.0,0.0,1.0,0.0,0.0,0.0,0.0,1.0,0.0,0.0,1.1211349964141846,-0.16682900488376618,1.0]}},"metadata":{"importedIdentifier":"mixamorig_HeadTop_End","importedName":"mixamorig_HeadTop_End","isBone":false}}},{"@class":"BaseNode","object3D":{"@class":"BaseObject3D","id":{"uuid":"02C05640-BD56-4E3B-A86E-DDEEEB73E78C"},"name":"mixamorig_LeftShoulder","enabled":true,"visible":true,"hitVisible":true,"transform":{"@class":"BaseComponentTransformable","localTransforms":{"values":[0.0015589999966323376,0.00011300000187475234,-0.9999989867210388,0.0,0.9993399977684021,-0.03628399968147278,0.0015539999585598708,0.0,-0.03628399968147278,-0.9993420243263245,-0.00016900000628083944,0.0,0.1481339931488037,0.22609999775886537,0.00036800000816583633,1.0]}},"metadata":{"importedIdentifier":"mixamorig_LeftShoulder","importedName":"mixamorig_LeftShoulder","isBone":false}},"children":["01803611-D63E-49C1-9286-9F6C8FF32847"]},{"@class":"BaseNode","object3D":{"@class":"BaseObject3D","id":{"uuid":"01803611-D63E-49C1-9286-9F6C8FF32847"},"name":"mixamorig_LeftArm","enabled":true,"visible":true,"hitVisible":true,"transform":{"@class":"BaseComponentTransformable","localTransforms":{"values":[0.9999930262565613,-0.001686000032350421,-0.003432000055909157,0.0,0.001560000004246831,0.9993379712104797,-0.036348000168800357,0.0,0.0034910000395029785,0.03634199872612953,0.9993330240249634,0.0,0.0,0.29906898736953738,0.0,1.0]}},"metadata":{"importedIdentifier":"mixamorig_LeftArm","importedName":"mixamorig_LeftArm","isBone":false}},"children":["3E97522D-9A20-4192-8386-8D1CC8D5EE2F"]},{"@class":"BaseNode","object3D":{"@class":"BaseObject3D","id":{"uuid":"3E97522D-9A20-4192-8386-8D1CC8D5EE2F"},"name":"mixamorig_LeftForeArm","enabled":true,"visible":true,"hitVisible":true,"transform":{"@class":"BaseComponentTransformable","localTransforms":{"values":[0.9999960064888,9.999999974752428e-7,-0.002951999893411994,0.0,-9.999999974752428e-7,1.0,0.0,0.0,0.002951999893411994,0.0,0.9999960064888,0.0,0.0,0.2411089986562729,0.0,1.0]}},"metadata":{"importedIdentifier":"mixamorig_LeftForeArm","importedName":"mixamorig_LeftForeArm","isBone":false}},"children":["971A9A22-54CF-4704-A3AD-C1EB394EDEBA"]},{"@class":"BaseNode","object3D":{"@class":"BaseObject3D","id":{"uuid":"971A9A22-54CF-4704-A3AD-C1EB394EDEBA"},"name":"mixamorig_LeftHand","enabled":true,"visible":true,"hitVisible":true,"transform":{"@class":"BaseComponentTransformable","localTransforms":{"values":[0.9903789758682251,-0.13649000227451325,0.022816000506281854,0.0,0.135670006275177,0.9901599884033203,0.03429200127720833,0.0,-0.027272000908851625,-0.030866000801324846,0.9991509914398193,0.0,0.0,0.4212009906768799,0.0,1.0]}},"metadata":{"importedIdentifier":"mixamorig_LeftHand","importedName":"mixamorig_LeftHand","isBone":false}},"children":["58906C2A-6723-4B08-85DC-F6E8ECDAC681","3AAC7CCF-1DD0-41EE-AC6F-E3776C183D27","EC586524-2B2C-452F-9AFB-0E673BB712F9","88BE7B34-A5AD-41B4-9E56-5EDAD3FFD317","C8B0CD00-3C6D-40FE-9FE4-A825D076D2DF"]},{"@class":"BaseNode","object3D":{"@class":"BaseObject3D","id":{"uuid":"58906C2A-6723-4B08-85DC-F6E8ECDAC681"},"name":"mixamorig_LeftHandThumb1","enabled":true,"visible":true,"hitVisible":true,"transform":{"@class":"BaseComponentTransformable","localTransforms":{"values":[0.7066500186920166,0.7062389850616455,0.0432559996843338,0.0,-0.6551910042762756,0.6300399899482727,0.41686299443244936,0.0,0.2671529948711395,-0.32291701436042788,0.9079390168190002,0.0,-0.0682779997587204,0.08393300324678421,0.0063680000603199009,1.0]}},"metadata":{"importedIdentifier":"mixamorig_LeftHandThumb1","importedName":"mixamorig_LeftHandThumb1","isBone":false}},"children":["7B318102-27B4-42B0-AD2F-80CE96EF18D0"]},{"@class":"BaseNode","object3D":{"@class":"BaseObject3D","id":{"uuid":"7B318102-27B4-42B0-AD2F-80CE96EF18D0"},"name":"mixamorig_LeftHandThumb2","enabled":true,"visible":true,"hitVisible":true,"transform":{"@class":"BaseComponentTransformable","localTransforms":{"values":[0.9670770168304443,-0.25448501110076907,-0.00007699999696342275,0.0,0.25448501110076907,0.9670770168304443,-0.000009000000318337698,0.0,0.00007599999662488699,-0.000011000000085914508,1.0,0.0,0.011578000150620938,0.08593200147151947,0.0,1.0]}},"metadata":{"importedIdentifier":"mixamorig_LeftHandThumb2","importedName":"mixamorig_LeftHandThumb2","isBone":false}},"children":["070AC97A-EBC8-4257-A283-C0220D224462"]},{"@class":"BaseNode","object3D":{"@class":"BaseObject3D","id":{"uuid":"070AC97A-EBC8-4257-A283-C0220D224462"},"name":"mixamorig_LeftHandThumb3","enabled":true,"visible":true,"hitVisible":true,"transform":{"@class":"BaseComponentTransformable","localTransforms":{"values":[0.9959660172462463,0.08964300155639649,-0.004050999879837036,0.0,-0.08964499831199646,0.9959740042686462,-0.00013600000238511711,0.0,0.004023000132292509,0.0004980000085197389,0.9999920129776001,0.0,-0.009634999558329583,0.0776429995894432,0.0,1.0]}},"metadata":{"importedIdentifier":"mixamorig_LeftHandThumb3","importedName":"mixamorig_LeftHandThumb3","isBone":false}},"children":["21DC045A-EF3A-443B-972D-BB6C7A92E79A"]},{"@class":"BaseNode","object3D":{"@class":"BaseObject3D","id":{"uuid":"21DC045A-EF3A-443B-972D-BB6C7A92E79A"},"name":"mixamorig_LeftHandThumb4","enabled":true,"visible":true,"hitVisible":true,"transform":{"@class":"BaseComponentTransformable","localTransforms":{"values":[1.0,0.0,0.0,0.0,0.0,1.0,0.0,0.0,0.0,0.0,1.0,0.0,-0.001943000010214746,0.056984998285770419,0.0,1.0]}},"metadata":{"importedIdentifier":"mixamorig_LeftHandThumb4","importedName":"mixamorig_LeftHandThumb4","isBone":false}}},{"@class":"BaseNode","object3D":{"@class":"BaseObject3D","id":{"uuid":"3AAC7CCF-1DD0-41EE-AC6F-E3776C183D27"},"name":"mixamorig_LeftHandIndex1","enabled":true,"visible":true,"hitVisible":true,"transform":{"@class":"BaseComponentTransformable","localTransforms":{"values":[0.9907910227775574,0.13539999723434449,-0.0005230000242590904,0.0,-0.1353510022163391,0.9903169870376587,-0.03086799941956997,0.0,-0.0036619999445974828,0.03065500035881996,0.9995229840278626,0.0,-0.06926099956035614,0.19988499581813813,0.0017310000257566572,1.0]}},"metadata":{"importedIdentifier":"mixamorig_LeftHandIndex1","importedName":"mixamorig_LeftHandIndex1","isBone":false}},"children":["9B86979E-7FD0-4B31-AE18-22EE32103430"]},{"@class":"BaseNode","object3D":{"@class":"BaseObject3D","id":{"uuid":"9B86979E-7FD0-4B31-AE18-22EE32103430"},"name":"mixamorig_LeftHandIndex2","enabled":true,"visible":true,"hitVisible":true,"transform":{"@class":"BaseComponentTransformable","localTransforms":{"values":[1.0,-0.000007999999979801942,0.00003099999958067201,0.0,0.000007999999979801942,1.0,0.0,0.0,-0.00003099999958067201,0.0,1.0,0.0,-0.00013499999477062374,0.08687900006771088,0.0,1.0]}},"metadata":{"importedIdentifier":"mixamorig_LeftHandIndex2","importedName":"mixamorig_LeftHandIndex2","isBone":false}},"children":["ECDFFB33-6941-4E2A-A350-49063641D5F1"]},{"@class":"BaseNode","object3D":{"@class":"BaseObject3D","id":{"uuid":"ECDFFB33-6941-4E2A-A350-49063641D5F1"},"name":"mixamorig_LeftHandIndex3","enabled":true,"visible":true,"hitVisible":true,"transform":{"@class":"BaseComponentTransformable","localTransforms":{"values":[0.9999920129776001,0.00395999988541007,-0.00008299999899463728,0.0,-0.00395999988541007,0.9999920129776001,9.999999974752428e-7,0.0,0.00008299999899463728,0.0,1.0,0.0,-0.000050999999075429517,0.08626999706029892,0.0,1.0]}},"metadata":{"importedIdentifier":"mixamorig_LeftHandIndex3","importedName":"mixamorig_LeftHandIndex3","isBone":false}},"children":["7A61C90A-38B5-46F9-B0BE-A8F43C7CCE22"]},{"@class":"BaseNode","object3D":{"@class":"BaseObject3D","id":{"uuid":"7A61C90A-38B5-46F9-B0BE-A8F43C7CCE22"},"name":"mixamorig_LeftHandIndex4","enabled":true,"visible":true,"hitVisible":true,"transform":{"@class":"BaseComponentTransformable","localTransforms":{"values":[1.0,0.0,0.0,0.0,0.0,1.0,0.0,0.0,0.0,0.0,1.0,0.0,0.00018600000475998968,0.07144100219011307,0.0,1.0]}},"metadata":{"importedIdentifier":"mixamorig_LeftHandIndex4","importedName":"mixamorig_LeftHandIndex4","isBone":false}}},{"@class":"BaseNode","object3D":{"@class":"BaseObject3D","id":{"uuid":"EC586524-2B2C-452F-9AFB-0E673BB712F9"},"name":"mixamorig_LeftHandMiddle1","enabled":true,"visible":true,"hitVisible":true,"transform":{"@class":"BaseComponentTransformable","localTransforms":{"values":[0.9909120202064514,0.13449999690055848,0.0016250000335276127,0.0,-0.13438600301742555,0.990447998046875,-0.030863000079989435,0.0,-0.005760000087320805,0.030364999547600747,0.9995219707489014,0.0,-0.028317999094724656,0.20526699721813203,-0.0063760001212358479,1.0]}},"metadata":{"importedIdentifier":"mixamorig_LeftHandMiddle1","importedName":"mixamorig_LeftHandMiddle1","isBone":false}},"children":["8B1A63BA-AE52-4E54-AEBA-914249722011"]},{"@class":"BaseNode","object3D":{"@class":"BaseObject3D","id":{"uuid":"8B1A63BA-AE52-4E54-AEBA-914249722011"},"name":"mixamorig_LeftHandMiddle2","enabled":true,"visible":true,"hitVisible":true,"transform":{"@class":"BaseComponentTransformable","localTransforms":{"values":[0.9999989867210388,0.0010519999777898193,0.000024000000848900528,0.0,-0.0010519999777898193,0.9999989867210388,9.999999974752428e-7,0.0,-0.000024000000848900528,-9.999999974752428e-7,1.0,0.0,-0.00021600000036414713,0.09419099986553192,0.0,1.0]}},"metadata":{"importedIdentifier":"mixamorig_LeftHandMiddle2","importedName":"mixamorig_LeftHandMiddle2","isBone":false}},"children":["3CC3F17B-4385-4AC8-8F3D-B9F81404FCE8"]},{"@class":"BaseNode","object3D":{"@class":"BaseObject3D","id":{"uuid":"3CC3F17B-4385-4AC8-8F3D-B9F81404FCE8"},"name":"mixamorig_LeftHandMiddle3","enabled":true,"visible":true,"hitVisible":true,"transform":{"@class":"BaseComponentTransformable","localTransforms":{"values":[0.9999880194664002,0.004863000009208918,-0.00019500000053085387,0.0,-0.004863000009208918,0.9999880194664002,9.999999974752428e-7,0.0,0.00019500000053085387,0.0,1.0,0.0,-0.00013299999409355223,0.0933929979801178,0.0,1.0]}},"metadata":{"importedIdentifier":"mixamorig_LeftHandMiddle3","importedName":"mixamorig_LeftHandMiddle3","isBone":false}},"children":["6751E650-86E8-4BE1-B8DB-5C684B5953A7"]},{"@class":"BaseNode","object3D":{"@class":"BaseObject3D","id":{"uuid":"6751E650-86E8-4BE1-B8DB-5C684B5953A7"},"name":"mixamorig_LeftHandMiddle4","enabled":true,"visible":true,"hitVisible":true,"transform":{"@class":"BaseComponentTransformable","localTransforms":{"values":[1.0,0.0,0.0,0.0,0.0,1.0,0.0,0.0,0.0,0.0,1.0,0.0,0.0003490000090096146,0.07913099974393845,0.0,1.0]}},"metadata":{"importedIdentifier":"mixamorig_LeftHandMiddle4","importedName":"mixamorig_LeftHandMiddle4","isBone":false}}},{"@class":"BaseNode","object3D":{"@class":"BaseObject3D","id":{"uuid":"88BE7B34-A5AD-41B4-9E56-5EDAD3FFD317"},"name":"mixamorig_LeftHandRing1","enabled":true,"visible":true,"hitVisible":true,"transform":{"@class":"BaseComponentTransformable","localTransforms":{"values":[0.9906269907951355,0.13659299910068513,0.001196000026538968,0.0,-0.13649100065231324,0.9901599884033203,-0.030866000801324846,0.0,-0.005400000140070915,0.030414000153541566,0.9995229840278626,0.0,0.025980999693274499,0.3043679893016815,-0.0017999999690800906,1.0]}},"metadata":{"importedIdentifier":"mixamorig_LeftHandRing1","importedName":"mixamorig_LeftHandRing1","isBone":false}},"children":["E5B3D89D-B46D-4201-A5FA-9E9ECB4D9C79"]},{"@class":"BaseNode","object3D":{"@class":"BaseObject3D","id":{"uuid":"E5B3D89D-B46D-4201-A5FA-9E9ECB4D9C79"},"name":"mixamorig_LeftHandRing2","enabled":true,"visible":true,"hitVisible":true,"transform":{"@class":"BaseComponentTransformable","localTransforms":{"values":[1.0,0.0,0.0,0.0,0.0,1.0,0.0,0.0,0.0,0.0,1.0,0.0,0.00003600000127335079,0.05914599820971489,0.0,1.0]}},"metadata":{"importedIdentifier":"mixamorig_LeftHandRing2","importedName":"mixamorig_LeftHandRing2","isBone":false}},"children":["A4CF3498-9C72-4084-8EBA-DF83E69BE875"]},{"@class":"BaseNode","object3D":{"@class":"BaseObject3D","id":{"uuid":"A4CF3498-9C72-4084-8EBA-DF83E69BE875"},"name":"mixamorig_LeftHandRing3","enabled":true,"visible":true,"hitVisible":true,"transform":{"@class":"BaseComponentTransformable","localTransforms":{"values":[0.9999970197677612,-0.002409999957308173,-0.000060999998822808269,0.0,0.002409999957308173,0.9999970197677612,0.0,0.0,0.000060999998822808269,0.0,1.0,0.0,0.00002099999983329326,0.056380998343229297,0.0,1.0]}},"metadata":{"importedIdentifier":"mixamorig_LeftHandRing3","importedName":"mixamorig_LeftHandRing3","isBone":false}},"children":["006D0111-B901-4F27-9A3D-8807BA802AD8"]},{"@class":"BaseNode","object3D":{"@class":"BaseObject3D","id":{"uuid":"006D0111-B901-4F27-9A3D-8807BA802AD8"},"name":"mixamorig_LeftHandRing4","enabled":true,"visible":true,"hitVisible":true,"transform":{"@class":"BaseComponentTransformable","localTransforms":{"values":[1.0,0.0,0.0,0.0,0.0,1.0,0.0,0.0,0.0,0.0,1.0,0.0,-0.00005700000110664405,0.04145900160074234,0.0,1.0]}},"metadata":{"importedIdentifier":"mixamorig_LeftHandRing4","importedName":"mixamorig_LeftHandRing4","isBone":false}}},{"@class":"BaseNode","object3D":{"@class":"BaseObject3D","id":{"uuid":"C8B0CD00-3C6D-40FE-9FE4-A825D076D2DF"},"name":"mixamorig_LeftHandPinky1","enabled":true,"visible":true,"hitVisible":true,"transform":{"@class":"BaseComponentTransformable","localTransforms":{"values":[0.990909993648529,0.13451999425888062,-0.0013419999741017819,0.0,-0.1344970017671585,0.9904329776763916,-0.030869999900460244,0.0,-0.0028230000752955677,0.03077000007033348,0.9995219707489014,0.0,0.07159800082445145,0.31719300150871279,0.0007730000070296228,1.0]}},"metadata":{"importedIdentifier":"mixamorig_LeftHandPinky1","importedName":"mixamorig_LeftHandPinky1","isBone":false}},"children":["F4812F1A-17E2-4784-AAA9-E2248DFAE5AE"]},{"@class":"BaseNode","object3D":{"@class":"BaseObject3D","id":{"uuid":"F4812F1A-17E2-4784-AAA9-E2248DFAE5AE"},"name":"mixamorig_LeftHandPinky2","enabled":true,"visible":true,"hitVisible":true,"transform":{"@class":"BaseComponentTransformable","localTransforms":{"values":[0.9999979734420776,0.0020119999535381796,0.00005900000178371556,0.0,-0.0020119999535381796,0.9999979734420776,0.0,0.0,-0.00005900000178371556,0.0,1.0,0.0,-0.0001320000010309741,0.0496629998087883,0.0,1.0]}},"metadata":{"importedIdentifier":"mixamorig_LeftHandPinky2","importedName":"mixamorig_LeftHandPinky2","isBone":false}},"children":["5B5E7AEE-C51E-428F-AB26-C4C8E58A570A"]},{"@class":"BaseNode","object3D":{"@class":"BaseObject3D","id":{"uuid":"5B5E7AEE-C51E-428F-AB26-C4C8E58A570A"},"name":"mixamorig_LeftHandPinky3","enabled":true,"visible":true,"hitVisible":true,"transform":{"@class":"BaseComponentTransformable","localTransforms":{"values":[0.9999629855155945,0.008546999655663967,-0.001066999975591898,0.0,-0.008546999655663967,0.9999629855155945,0.000009999999747378752,0.0,0.001066999975591898,0.0,0.9999989867210388,0.0,-0.000029999999242136256,0.03833499923348427,0.0,1.0]}},"metadata":{"importedIdentifier":"mixamorig_LeftHandPinky3","importedName":"mixamorig_LeftHandPinky3","isBone":false}},"children":["1E1B29C1-E18F-4E84-9FFA-015EDDD82CEA"]},{"@class":"BaseNode","object3D":{"@class":"BaseObject3D","id":{"uuid":"1E1B29C1-E18F-4E84-9FFA-015EDDD82CEA"},"name":"mixamorig_LeftHandPinky4","enabled":true,"visible":true,"hitVisible":true,"transform":{"@class":"BaseComponentTransformable","localTransforms":{"values":[1.0,0.0,0.0,0.0,0.0,1.0,0.0,0.0,0.0,0.0,1.0,0.0,0.0001630000042496249,0.02336299978196621,0.0,1.0]}},"metadata":{"importedIdentifier":"mixamorig_LeftHandPinky4","importedName":"mixamorig_LeftHandPinky4","isBone":false}}},{"@class":"BaseNode","object3D":{"@class":"BaseObject3D","id":{"uuid":"019E37BF-1713-42EE-8894-77E8E001DD72"},"name":"mixamorig_RightShoulder","enabled":true,"visible":true,"hitVisible":true,"transform":{"@class":"BaseComponentTransformable","localTransforms":{"values":[0.0006380000268109143,-0.00008299999899463728,1.0,0.0,-0.9993450045585632,-0.03617500141263008,0.0006339999963529408,0.0,0.03617500141263008,-0.9993450045585632,-0.00010599999950500205,0.0,-0.1481339931488037,0.2260960042476654,0.0002300000051036477,1.0]}},"metadata":{"importedIdentifier":"mixamorig_RightShoulder","importedName":"mixamorig_RightShoulder","isBone":false}},"children":["99E39B86-1E21-41CE-9C85-33FD6837E47D"]},{"@class":"BaseNode","object3D":{"@class":"BaseObject3D","id":{"uuid":"99E39B86-1E21-41CE-9C85-33FD6837E47D"},"name":"mixamorig_RightArm","enabled":true,"visible":true,"hitVisible":true,"transform":{"@class":"BaseComponentTransformable","localTransforms":{"values":[0.9999930262565613,0.0007680000271648169,0.0035920001100748779,0.0,-0.0006360000115819275,0.9993370175361633,-0.036396998912096027,0.0,-0.0036170000676065685,0.03639400005340576,0.999330997467041,0.0,0.0,0.29906898736953738,0.0,1.0]}},"metadata":{"importedIdentifier":"mixamorig_RightArm","importedName":"mixamorig_RightArm","isBone":false}},"children":["66441FEF-E9DE-4969-A387-BE5E18485BA5"]},{"@class":"BaseNode","object3D":{"@class":"BaseObject3D","id":{"uuid":"66441FEF-E9DE-4969-A387-BE5E18485BA5"},"name":"mixamorig_RightForeArm","enabled":true,"visible":true,"hitVisible":true,"transform":{"@class":"BaseComponentTransformable","localTransforms":{"values":[0.9999939799308777,9.999999974752428e-7,0.0033470001071691515,0.0,-9.999999974752428e-7,1.0,0.0,0.0,-0.0033470001071691515,0.0,0.9999939799308777,0.0,0.0,0.24111400544643403,0.0,1.0]}},"metadata":{"importedIdentifier":"mixamorig_RightForeArm","importedName":"mixamorig_RightForeArm","isBone":false}},"children":["2455FD43-14E5-4707-8153-BDCEC6A59089"]},{"@class":"BaseNode","object3D":{"@class":"BaseObject3D","id":{"uuid":"2455FD43-14E5-4707-8153-BDCEC6A59089"},"name":"mixamorig_RightHand","enabled":true,"visible":true,"hitVisible":true,"transform":{"@class":"BaseComponentTransformable","localTransforms":{"values":[0.9905459880828857,0.1352909952402115,-0.022710999473929406,0.0,-0.13483799993991853,0.9906569719314575,0.020410999655723573,0.0,0.025259999558329583,-0.017155999317765237,0.999534010887146,0.0,0.0,0.4212009906768799,0.0,1.0]}},"metadata":{"importedIdentifier":"mixamorig_RightHand","importedName":"mixamorig_RightHand","isBone":false}},"children":["CCC51553-6CA1-46A4-A6E1-A1CC62AA48E5","5759B003-1DF7-400F-AA35-586C95C20234","18E63F27-BFE6-45CC-BC74-8DF6520D6118","0A53F515-5562-46B3-81D3-343DB655EE76","FB6AEF7F-DC08-45A6-9DE0-DCC76F89C9C6"]},{"@class":"BaseNode","object3D":{"@class":"BaseObject3D","id":{"uuid":"CCC51553-6CA1-46A4-A6E1-A1CC62AA48E5"},"name":"mixamorig_RightHandThumb1","enabled":true,"visible":true,"hitVisible":true,"transform":{"@class":"BaseComponentTransformable","localTransforms":{"values":[0.7716860175132752,-0.6359930038452148,0.0036359999794512989,0.0,0.573369026184082,0.698153018951416,0.428754985332489,0.0,-0.2752240002155304,-0.328779011964798,0.9034140110015869,0.0,0.07613299787044525,0.0876929983496666,0.0075969998724758629,1.0]}},"metadata":{"importedIdentifier":"mixamorig_RightHandThumb1","importedName":"mixamorig_RightHandThumb1","isBone":false}},"children":["A1829511-FFCF-41F2-A2E2-4F117F934DCD"]},{"@class":"BaseNode","object3D":{"@class":"BaseObject3D","id":{"uuid":"A1829511-FFCF-41F2-A2E2-4F117F934DCD"},"name":"mixamorig_RightHandThumb2","enabled":true,"visible":true,"hitVisible":true,"transform":{"@class":"BaseComponentTransformable","localTransforms":{"values":[0.9892860054969788,0.1459909975528717,0.00032500000088475645,0.0,-0.1459909975528717,0.9892860054969788,-0.00003899999865097925,0.0,-0.00032699998700991273,-0.000009000000318337698,1.0,0.0,-0.002343999920412898,0.0930740013718605,0.0,1.0]}},"metadata":{"importedIdentifier":"mixamorig_RightHandThumb2","importedName":"mixamorig_RightHandThumb2","isBone":false}},"children":["9DF390AC-84F0-40D3-B5C7-BA75DC5E2D1E"]},{"@class":"BaseNode","object3D":{"@class":"BaseObject3D","id":{"uuid":"9DF390AC-84F0-40D3-B5C7-BA75DC5E2D1E"},"name":"mixamorig_RightHandThumb3","enabled":true,"visible":true,"hitVisible":true,"transform":{"@class":"BaseComponentTransformable","localTransforms":{"values":[0.9667850136756897,-0.2555899918079376,0.0006370000191964209,0.0,0.2555899918079376,0.9667850136756897,0.00008800000068731606,0.0,-0.0006389999762177467,0.0000779999973019585,1.0,0.0,0.008906999602913857,0.07271499931812287,0.0,1.0]}},"metadata":{"importedIdentifier":"mixamorig_RightHandThumb3","importedName":"mixamorig_RightHandThumb3","isBone":false}},"children":["E6E3A176-40D1-4518-ADB3-E3EFFBFE8C96"]},{"@class":"BaseNode","object3D":{"@class":"BaseObject3D","id":{"uuid":"E6E3A176-40D1-4518-ADB3-E3EFFBFE8C96"},"name":"mixamorig_RightHandThumb4","enabled":true,"visible":true,"hitVisible":true,"transform":{"@class":"BaseComponentTransformable","localTransforms":{"values":[1.0,0.0,0.0,0.0,0.0,1.0,0.0,0.0,0.0,0.0,1.0,0.0,-0.006562999915331602,0.04799899831414223,0.0,1.0]}},"metadata":{"importedIdentifier":"mixamorig_RightHandThumb4","importedName":"mixamorig_RightHandThumb4","isBone":false}}},{"@class":"BaseNode","object3D":{"@class":"BaseObject3D","id":{"uuid":"5759B003-1DF7-400F-AA35-586C95C20234"},"name":"mixamorig_RightHandIndex1","enabled":true,"visible":true,"hitVisible":true,"transform":{"@class":"BaseComponentTransformable","localTransforms":{"values":[0.9910979866981506,-0.13312199711799622,-0.00184599997010082,0.0,0.13307100534439088,0.9909579753875732,-0.017152000218629838,0.0,0.004112999886274338,0.016753999516367914,0.9998509883880615,0.0,0.07117000222206116,0.20197699964046479,0.00004400000034365803,1.0]}},"metadata":{"importedIdentifier":"mixamorig_RightHandIndex1","importedName":"mixamorig_RightHandIndex1","isBone":false}},"children":["47636D5A-7D6B-4E64-BEAC-DF53DED5DA00"]},{"@class":"BaseNode","object3D":{"@class":"BaseObject3D","id":{"uuid":"47636D5A-7D6B-4E64-BEAC-DF53DED5DA00"},"name":"mixamorig_RightHandIndex2","enabled":true,"visible":true,"hitVisible":true,"transform":{"@class":"BaseComponentTransformable","localTransforms":{"values":[1.0,0.00010800000018207356,0.00004099999932805076,0.0,-0.00010800000018207356,1.0,0.0,0.0,-0.00004099999932805076,0.0,1.0,0.0,0.00018400000408291817,0.08932600170373917,0.0,1.0]}},"metadata":{"importedIdentifier":"mixamorig_RightHandIndex2","importedName":"mixamorig_RightHandIndex2","isBone":false}},"children":["7846AFC0-BC09-4299-94CA-6CF7D78768E3"]},{"@class":"BaseNode","object3D":{"@class":"BaseObject3D","id":{"uuid":"7846AFC0-BC09-4299-94CA-6CF7D78768E3"},"name":"mixamorig_RightHandIndex3","enabled":true,"visible":true,"hitVisible":true,"transform":{"@class":"BaseComponentTransformable","localTransforms":{"values":[0.999966025352478,-0.008282000198960305,0.00037900000461377203,0.0,0.008282000198960305,0.999966025352478,0.000003000000106112566,0.0,-0.00037900000461377203,0.0,1.0,0.0,0.00022400000307243317,0.08517900109291077,0.0,1.0]}},"metadata":{"importedIdentifier":"mixamorig_RightHandIndex3","importedName":"mixamorig_RightHandIndex3","isBone":false}},"children":["82EB6358-2E57-45AF-916D-ADB3208D6C55"]},{"@class":"BaseNode","object3D":{"@class":"BaseObject3D","id":{"uuid":"82EB6358-2E57-45AF-916D-ADB3208D6C55"},"name":"mixamorig_RightHandIndex4","enabled":true,"visible":true,"hitVisible":true,"transform":{"@class":"BaseComponentTransformable","localTransforms":{"values":[1.0,0.0,0.0,0.0,0.0,1.0,0.0,0.0,0.0,0.0,1.0,0.0,-0.0004079999926034361,0.06740599870681763,0.0,1.0]}},"metadata":{"importedIdentifier":"mixamorig_RightHandIndex4","importedName":"mixamorig_RightHandIndex4","isBone":false}}},{"@class":"BaseNode","object3D":{"@class":"BaseObject3D","id":{"uuid":"18E63F27-BFE6-45CC-BC74-8DF6520D6118"},"name":"mixamorig_RightHandMiddle1","enabled":true,"visible":true,"hitVisible":true,"transform":{"@class":"BaseComponentTransformable","localTransforms":{"values":[0.9912199974060059,-0.1322219967842102,-0.0005389999714680016,0.0,0.13219299912452699,0.9910759925842285,-0.017155999317765237,0.0,0.0028029999230057,0.016933999955654146,0.9998530149459839,0.0,0.027557000517845155,0.2020840048789978,-0.0034620000515133144,1.0]}},"metadata":{"importedIdentifier":"mixamorig_RightHandMiddle1","importedName":"mixamorig_RightHandMiddle1","isBone":false}},"children":["F1132BF7-3467-4555-B7CB-005ED8DA5DA7"]},{"@class":"BaseNode","object3D":{"@class":"BaseObject3D","id":{"uuid":"F1132BF7-3467-4555-B7CB-005ED8DA5DA7"},"name":"mixamorig_RightHandMiddle2","enabled":true,"visible":true,"hitVisible":true,"transform":{"@class":"BaseComponentTransformable","localTransforms":{"values":[0.9999979734420776,-0.0020459999796003105,-0.00007000000186963007,0.0,0.0020459999796003105,0.9999979734420776,0.0,0.0,0.00007000000186963007,0.0,1.0,0.0,0.00029299999005161226,0.09597299993038178,0.0,1.0]}},"metadata":{"importedIdentifier":"mixamorig_RightHandMiddle2","importedName":"mixamorig_RightHandMiddle2","isBone":false}},"children":["F3990936-761C-4A89-8EC2-936637C2F8E0"]},{"@class":"BaseNode","object3D":{"@class":"BaseObject3D","id":{"uuid":"F3990936-761C-4A89-8EC2-936637C2F8E0"},"name":"mixamorig_RightHandMiddle3","enabled":true,"visible":true,"hitVisible":true,"transform":{"@class":"BaseComponentTransformable","localTransforms":{"values":[0.9999819993972778,-0.005993000231683254,0.0002629999944474548,0.0,0.005993000231683254,0.9999819993972778,0.0000019999999949504856,0.0,-0.0002629999944474548,0.0,1.0,0.0,0.00012599999899975955,0.09269999712705612,0.0,1.0]}},"metadata":{"importedIdentifier":"mixamorig_RightHandMiddle3","importedName":"mixamorig_RightHandMiddle3","isBone":false}},"children":["159B8296-37BD-4DB9-8851-8E0331BA36CA"]},{"@class":"BaseNode","object3D":{"@class":"BaseObject3D","id":{"uuid":"159B8296-37BD-4DB9-8851-8E0331BA36CA"},"name":"mixamorig_RightHandMiddle4","enabled":true,"visible":true,"hitVisible":true,"transform":{"@class":"BaseComponentTransformable","localTransforms":{"values":[1.0,0.0,0.0,0.0,0.0,1.0,0.0,0.0,0.0,0.0,1.0,0.0,-0.0004189999890513718,0.08137200027704239,0.0,1.0]}},"metadata":{"importedIdentifier":"mixamorig_RightHandMiddle4","importedName":"mixamorig_RightHandMiddle4","isBone":false}}},{"@class":"BaseNode","object3D":{"@class":"BaseObject3D","id":{"uuid":"0A53F515-5562-46B3-81D3-343DB655EE76"},"name":"mixamorig_RightHandRing1","enabled":true,"visible":true,"hitVisible":true,"transform":{"@class":"BaseComponentTransformable","localTransforms":{"values":[0.9905620217323303,-0.13706499338150025,-0.00041700000292621553,0.0,0.13703800737857819,0.9904170036315918,-0.017156999558210374,0.0,0.0027650000993162395,0.016938000917434694,0.9998530149459839,0.0,-0.02803800068795681,0.30718299746513369,-0.00184299994725734,1.0]}},"metadata":{"importedIdentifier":"mixamorig_RightHandRing1","importedName":"mixamorig_RightHandRing1","isBone":false}},"children":["9D6C1CC7-E815-4404-BF81-A94FC5C51C7F"]},{"@class":"BaseNode","object3D":{"@class":"BaseObject3D","id":{"uuid":"9D6C1CC7-E815-4404-BF81-A94FC5C51C7F"},"name":"mixamorig_RightHandRing2","enabled":true,"visible":true,"hitVisible":true,"transform":{"@class":"BaseComponentTransformable","localTransforms":{"values":[1.0,-0.000037999998312443498,0.00004600000102072954,0.0,0.000037999998312443498,1.0,0.0,0.0,-0.00004600000102072954,0.0,1.0,0.0,-0.00008399999933317304,0.05670100077986717,0.0,1.0]}},"metadata":{"importedIdentifier":"mixamorig_RightHandRing2","importedName":"mixamorig_RightHandRing2","isBone":false}},"children":["A7E0C027-D4EE-4ACC-AD7B-66ECBB30A6BA"]},{"@class":"BaseNode","object3D":{"@class":"BaseObject3D","id":{"uuid":"A7E0C027-D4EE-4ACC-AD7B-66ECBB30A6BA"},"name":"mixamorig_RightHandRing3","enabled":true,"visible":true,"hitVisible":true,"transform":{"@class":"BaseComponentTransformable","localTransforms":{"values":[0.9999780058860779,0.006597999949008226,0.0002859999949578196,0.0,-0.006597999949008226,0.9999780058860779,-9.999999974752428e-7,0.0,-0.0002859999949578196,-9.999999974752428e-7,1.0,0.0,-0.00014200000441633165,0.055459000170230868,0.0,1.0]}},"metadata":{"importedIdentifier":"mixamorig_RightHandRing3","importedName":"mixamorig_RightHandRing3","isBone":false}},"children":["E62538D1-0885-4360-95F0-EC8BD7BD143F"]},{"@class":"BaseNode","object3D":{"@class":"BaseObject3D","id":{"uuid":"E62538D1-0885-4360-95F0-EC8BD7BD143F"},"name":"mixamorig_RightHandRing4","enabled":true,"visible":true,"hitVisible":true,"transform":{"@class":"BaseComponentTransformable","localTransforms":{"values":[1.0,0.0,0.0,0.0,0.0,1.0,0.0,0.0,0.0,0.0,1.0,0.0,0.00022600000374950469,0.04167100042104721,0.0,1.0]}},"metadata":{"importedIdentifier":"mixamorig_RightHandRing4","importedName":"mixamorig_RightHandRing4","isBone":false}}},{"@class":"BaseNode","object3D":{"@class":"BaseObject3D","id":{"uuid":"FB6AEF7F-DC08-45A6-9DE0-DCC76F89C9C6"},"name":"mixamorig_RightHandPinky1","enabled":true,"visible":true,"hitVisible":true,"transform":{"@class":"BaseComponentTransformable","localTransforms":{"values":[0.9913399815559387,-0.13132299482822419,0.0003549999964889139,0.0,0.13131000101566316,0.9911929965019226,-0.017159000039100648,0.0,0.0019020000472664834,0.01705699972808361,0.9998530149459839,0.0,-0.07068999856710434,0.3061150014400482,0.0009089999948628247,1.0]}},"metadata":{"importedIdentifier":"mixamorig_RightHandPinky1","importedName":"mixamorig_RightHandPinky1","isBone":false}},"children":["BE8F3759-DCDF-4B12-9385-DCCC3BDAB3D9"]},{"@class":"BaseNode","object3D":{"@class":"BaseObject3D","id":{"uuid":"BE8F3759-DCDF-4B12-9385-DCCC3BDAB3D9"},"name":"mixamorig_RightHandPinky2","enabled":true,"visible":true,"hitVisible":true,"transform":{"@class":"BaseComponentTransformable","localTransforms":{"values":[1.0,0.0004189999890513718,-0.00013299999409355223,0.0,-0.0004189999890513718,1.0,0.0,0.0,0.00013299999409355223,0.0,1.0,0.0,0.0002300000051036477,0.04978000000119209,0.0,1.0]}},"metadata":{"importedIdentifier":"mixamorig_RightHandPinky2","importedName":"mixamorig_RightHandPinky2","isBone":false}},"children":["BB34AE63-B136-4626-AFBD-271B47A3BC19"]},{"@class":"BaseNode","object3D":{"@class":"BaseObject3D","id":{"uuid":"BB34AE63-B136-4626-AFBD-271B47A3BC19"},"name":"mixamorig_RightHandPinky3","enabled":true,"visible":true,"hitVisible":true,"transfor